GID;RANGO UNAP
100242;3
100243;3
100288;3
100290;3
100293;3
100295;3
100296;3
100299;3
100300;3
100302;3
100303;3
100304;3
100305;3
100306;3
100343;1
100344;1
100353;1
100354;1
100395;1
100396;1
100397;1
100417;1
100421;1
100424;1
100426;1
100427;1
100428;1
100431;3
100433;3
100434;3
100435;3
100436;3
100437;3
100438;1
100439;1
100440;1
100441;1
100442;1
100443;1
100444;1
100446;1
100449;3
100450;1
100451;5
100452;3
100453;5
100454;5
100455;5
100457;5
100458;3
100459;3
100460;3
100461;3
100462;3
100463;3
100464;3
100465;3
100466;1
100467;5
100468;1
100469;1
100470;1
100471;1
100472;1
100473;1
100474;1
100475;1
100476;1
100477;1
100478;1
100479;1
100480;1
100481;1
100482;1
100483;1
100484;1
100485;1
100486;1
100487;1
100488;1
100489;1
100491;5
100492;1
100493;1
100494;1
100496;1
100498;5
100499;1
100500;1
100501;1
100503;3
100504;3
100505;3
100506;3
100507;1
100508;3
100509;3
100510;3
100511;3
100512;3
100513;3
100514;3
100515;3
100532;1
100533;1
100535;1
100536;1
100537;1
100538;1
100540;1
100541;1
100543;1
100544;1
100546;1
100551;1
100552;1
100553;1
100556;1
100557;1
100558;1
100559;1
100560;1
100561;1
100562;1
100563;1
100564;1
100565;1
100566;1
100567;1
100569;1
100570;1
100571;1
100572;1
100573;1
100574;1
100575;1
100576;1
100577;1
100578;1
100579;1
100581;1
100582;1
100584;1
100585;1
100586;1
100587;1
100588;1
100591;1
100592;1
100593;1
100594;1
100595;1
100596;1
100597;1
100599;1
100600;1
100601;5
100603;1
100605;1
100606;1
100607;1
100608;1
100609;1
100610;1
100611;1
100615;1
100616;1
100617;1
100618;1
100619;1
100621;1
100622;1
100623;1
100624;1
100625;1
100629;1
100630;5
100631;1
100633;1
100634;1
100635;1
100636;1
100637;1
100638;1
100639;1
100640;1
100641;1
100642;1
100643;1
100645;1
100646;1
100647;1
100650;1
100651;1
100654;1
100656;1
100661;1
100663;1
100664;1
100665;1
100668;1
100670;1
100676;1
100679;1
100682;1
100683;1
100684;1
100685;1
100687;1
100689;1
100690;1
100691;1
100693;1
100695;1
100697;1
100698;1
100699;1
100700;1
100701;2
100705;1
100707;1
100709;2
100711;2
100712;2
100720;2
100725;1
100727;2
100728;5
100730;1
100731;2
100732;2
100741;2
100747;2
100749;2
100755;2
100756;2
100758;2
100759;2
100760;2
100762;2
100764;2
100765;2
100766;2
100767;2
100768;2
100770;2
100772;2
100773;2
100774;2
100775;2
100776;2
100777;2
100778;2
100779;2
100780;2
100787;2
100788;1
100790;1
100791;1
100794;1
100796;1
100804;1
100805;1
100806;1
100807;1
100809;1
100892;1
100933;1
101332;2
101333;2
101334;2
101336;2
101337;2
101339;2
101350;1
101355;2
101356;2
101358;2
101359;2
101364;2
101366;2
101367;2
101372;1
101377;1
101378;1
101383;2
101384;2
101386;2
101387;2
101388;2
101390;2
101391;2
101393;2
101394;2
101395;2
101396;2
101398;2
101400;2
101401;2
101402;2
101404;2
101406;2
101409;2
101410;2
101416;2
101418;2
101419;2
101420;2
101421;2
101423;2
101424;2
101425;2
101427;2
101428;2
101431;2
101432;2
101434;2
101435;2
101512;3
101514;5
101515;1
101516;1
101517;1
101518;3
101520;1
101523;1
101524;1
101525;3
101527;3
101528;3
101529;3
101530;1
101532;1
101534;1
101536;1
101537;1
101538;1
101552;3
101553;3
101554;3
101555;5
101557;5
101561;5
101562;5
101563;1
101564;1
101565;1
101566;1
101567;1
101569;1
101570;1
101572;1
101573;1
101575;1
101576;1
101577;1
101578;1
101579;1
101581;1
101582;1
101583;1
101584;1
101585;1
101590;3
101591;1
101592;1
101596;3
101601;3
101602;3
101603;3
101604;3
101605;3
101606;3
101607;3
101612;3
101614;3
101616;5
101618;3
101620;3
101621;3
101624;5
101629;3
101630;3
101632;5
101634;1
101635;1
101638;5
101639;5
101641;5
101642;5
101643;5
101645;1
101646;2
101647;5
101648;5
101649;5
101651;5
101652;5
101653;5
101656;5
101657;1
101658;5
101659;1
101660;1
101661;5
101662;1
101663;5
101664;1
101665;1
101666;5
101667;5
101668;5
101672;1
101675;1
101676;5
101678;1
101680;5
101681;5
101682;1
101688;1
101691;5
101692;5
101696;5
101697;1
101706;5
101707;5
101710;5
101711;5
101714;5
101715;5
101718;5
101719;5
101720;5
101721;5
101722;5
101723;5
101725;5
101872;1
101873;2
101875;2
101877;1
101879;1
101880;1
101881;1
101882;1
101883;5
101884;1
101885;2
101886;2
101887;2
101888;2
101891;2
101892;2
101893;2
101894;2
101895;2
101897;2
101904;2
101905;2
101907;2
101908;2
101909;2
101910;2
101912;2
101914;2
101915;2
101916;2
101918;2
101920;2
101922;2
101925;1
101926;1
101928;2
101929;2
101930;2
101935;1
101936;2
101937;2
101939;1
101940;5
101941;5
101942;2
101944;1
101945;1
101947;1
101948;1
101949;1
101950;1
101953;5
101954;2
101956;5
101957;2
101958;2
101959;2
101960;2
101961;2
101965;2
101966;5
101967;2
101968;2
101972;2
101973;2
101974;2
102032;5
102033;5
102035;5
102036;5
102037;5
102038;5
102041;5
102042;5
102045;1
102046;1
102048;1
102051;5
102052;5
102053;5
102054;5
102055;5
102056;5
102057;5
102062;5
102067;5
102068;5
102069;5
102078;1
102079;5
102080;1
102081;1
102083;1
102084;1
102085;5
102086;1
102087;1
102092;1
102095;1
102096;1
102097;1
102098;1
102100;1
102101;1
102102;1
102103;1
102106;2
102107;2
102112;2
102113;2
102118;2
102119;2
102131;5
102133;5
102134;5
102136;5
102137;5
102138;2
102152;5
102154;5
102157;1
102158;1
102161;5
102162;5
102163;1
102165;5
102169;5
102172;2
102175;2
102179;1
102181;1
102182;1
102183;1
102192;1
102193;5
102194;5
102195;5
102197;5
102198;5
102205;5
102210;1
102211;5
102212;5
102213;5
102214;5
102215;5
102222;5
102223;5
102226;5
102227;5
102229;1
102230;1
102231;5
102234;5
102236;1
102238;1
102240;1
102242;1
102243;1
102244;1
102245;1
102247;5
102248;5
102254;5
102255;5
102256;5
102260;5
102261;5
102263;5
102277;3
102288;1
102289;1
102290;1
102316;3
102354;1
102355;1
102358;1
102359;1
102360;1
102361;1
102362;5
102364;3
102365;5
102366;3
102367;3
102368;3
102369;3
102370;3
102371;3
102374;5
102375;5
102378;1
102380;1
102381;1
102412;5
102413;5
102433;5
103273;5
104332;3
104352;1
104353;5
104356;5
104358;1
104361;1
104362;1
104363;1
104364;1
104366;1
104368;1
104369;5
104373;2
104374;2
104375;1
104376;1
104380;5
104383;1
104384;1
104385;1
104392;2
104393;2
104394;1
104395;5
104406;1
104408;1
104410;1
104415;1
104417;1
104418;1
104419;1
104420;1
104422;1
104425;2
104428;1
104435;5
104436;1
104852;2
105114;2
105195;5
105196;5
105197;5
105212;5
105230;5
105231;5
105232;5
105236;5
105237;5
105238;5
105241;5
105242;5
105243;5
105244;5
105245;5
105247;5
105249;5
105253;5
105254;5
105260;5
105266;5
105268;5
105269;5
105270;5
105271;5
105272;5
105274;5
105279;5
105280;5
105281;5
105282;5
105292;5
105293;5
105294;5
105302;2
105303;2
105304;2
105307;5
105308;1
105310;5
105312;2
105315;2
105316;2
105317;2
105319;2
105321;1
105322;1
105325;1
105329;2
105330;1
105332;2
105333;2
105336;2
105337;2
105338;5
105340;2
105341;2
105345;5
105347;2
105348;5
105349;2
105352;2
105353;2
105354;2
105355;2
105356;2
105361;2
105364;2
105365;5
105367;1
105372;1
105373;1
105375;2
105378;5
105379;2
105381;1
105384;2
105388;2
105389;5
105390;2
105391;2
105401;2
105402;2
105403;2
105405;2
105407;2
105409;5
105410;2
105413;5
105416;5
105417;5
105419;5
105420;5
105427;1
105429;1
105430;1
105432;1
105433;5
105438;1
105442;1
105443;1
105446;5
105450;5
105451;5
105453;5
105459;5
105462;5
105464;5
105479;5
105488;1
105489;1
105496;5
105497;1
105500;1
105503;1
105505;1
105506;1
105507;5
105508;1
105509;1
105518;1
105520;1
105521;1
105523;1
105524;1
105525;1
105526;1
105528;1
105529;1
105530;1
105531;1
105533;1
105534;1
105537;1
105538;1
105541;1
105543;1
105546;1
105547;1
105548;1
105549;1
105553;1
105555;1
105556;1
105558;1
105560;1
105561;1
105562;1
105564;1
105565;1
105566;1
105567;1
105569;1
105570;1
105571;1
105572;1
105575;1
105577;1
105578;1
105579;1
105580;1
105581;1
105582;1
105583;1
105584;1
105585;1
105586;1
105589;1
105590;1
105591;1
105592;1
105595;1
105598;1
105600;1
105601;1
105602;1
105603;1
105604;1
105605;1
105606;1
105607;1
105609;1
105610;1
105612;1
105613;1
105614;1
105615;1
105616;1
105618;1
105619;1
105620;1
105622;1
105623;1
105630;2
105631;2
105632;2
105635;1
105636;1
105637;1
105639;5
105641;2
105654;5
105655;1
105656;1
105658;1
105659;1
105663;1
105673;5
105678;2
105679;2
105681;2
105683;2
105685;2
105686;2
105688;2
105689;2
105691;2
105693;2
105932;5
105933;5
105972;1
106892;5
106912;3
106914;1
106915;1
106916;1
106917;1
106919;1
106920;3
106921;3
106923;3
106924;3
106925;3
106926;3
106929;3
106931;3
106933;2
106934;2
106935;1
106936;1
106938;1
106939;3
106942;3
106945;3
106946;3
106948;1
106949;1
106950;1
106951;1
106952;1
106953;1
106954;1
106955;1
106956;1
106957;1
106958;1
106959;1
106966;2
106967;2
106969;2
106970;2
106971;2
106973;2
106974;2
106975;1
106976;1
106977;1
106978;5
106979;2
106982;2
106983;2
106988;2
106991;3
106992;3
106994;3
106995;3
106997;1
106998;3
107000;3
107001;3
107005;3
107006;3
107007;3
107008;3
107009;3
107011;1
107018;1
107020;1
107021;1
107023;1
107025;1
107026;1
107027;1
107028;1
107029;1
107030;1
107031;1
107032;1
107033;1
107034;1
107035;1
107036;1
107037;1
107040;1
107044;1
107045;1
107046;1
107047;1
107048;1
107049;1
107050;1
107051;1
107052;1
107056;1
107057;1
107059;1
107060;1
107066;1
107067;1
107068;1
107069;1
107070;1
107071;1
107072;1
107073;1
107074;1
107075;1
107076;1
107079;1
107080;1
107081;1
107082;1
107083;1
107084;1
107086;1
107087;1
107088;1
107090;1
107091;1
107092;1
107093;1
107094;1
107097;1
107098;1
107099;1
107100;1
107103;1
107104;1
107105;1
107108;1
107109;1
107110;1
107111;1
107112;1
107115;1
107116;1
107118;1
107120;1
107121;1
107122;1
107123;1
107126;1
107127;1
107128;1
107129;1
107130;1
107131;1
107132;1
107134;3
107136;1
107137;1
107138;1
107139;1
107140;1
107141;1
107142;1
107145;1
107146;1
107147;3
107148;3
107149;3
107151;3
107152;1
107153;3
107154;1
107155;3
107156;3
107158;1
107159;1
107161;1
107170;1
107171;1
107172;1
107173;1
107174;1
107176;1
107177;1
107178;1
107179;1
107181;1
107182;1
107183;1
107184;1
107186;1
107187;3
107189;1
107190;1
107191;1
107192;1
107193;1
107194;1
107195;1
107196;1
107197;1
107198;1
107199;1
107201;1
107292;1
107293;2
107299;2
107300;1
107301;1
107302;1
107303;1
107304;1
107305;1
107306;1
107307;1
107308;1
107309;1
107310;1
107311;1
107312;1
107313;1
107314;1
107315;1
107316;1
107319;1
107323;1
107324;1
107325;1
107326;1
107328;1
107330;2
107333;2
107334;2
107335;2
107357;5
107359;2
107362;1
107363;1
107365;2
107366;1
107367;2
107368;5
107369;1
107370;2
107374;5
107375;2
107376;2
107377;2
107378;5
107379;5
107380;5
107381;1
107389;1
107392;1
107395;1
107397;1
107398;5
107400;5
107404;1
107405;1
107406;1
107408;1
107410;1
107413;5
107415;5
107416;5
107419;5
107421;5
107422;5
107425;1
107426;1
107427;1
107429;1
107430;1
107431;1
107434;1
107437;1
107439;1
107440;1
107441;1
107442;1
107443;1
107444;1
107446;1
107447;1
107454;1
107455;1
107459;1
107461;1
107463;5
107464;1
107467;1
107468;1
107471;1
107472;1
107473;1
107474;5
107479;1
107482;1
107483;1
107484;1
107485;1
107486;1
107487;1
107488;1
107489;1
107491;1
107492;1
107493;1
107494;1
107496;1
107497;1
107498;1
107499;1
107500;1
107501;1
107504;1
107505;1
107506;1
107507;1
107508;1
107511;5
107513;1
107514;5
107516;5
107517;5
107518;5
107520;2
107521;1
107523;1
107524;1
107526;5
107528;1
107530;1
107531;1
107532;1
107533;1
107534;1
107538;5
107540;1
107541;1
107542;1
107543;1
107544;1
107549;1
107552;1
107553;1
107554;1
107555;1
107556;1
107557;1
107561;1
107562;1
107563;1
107564;1
107565;1
107567;1
107568;3
107570;1
107571;1
107572;2
107573;2
107574;1
107575;5
107576;1
107579;1
107580;1
107586;5
107587;5
107588;5
107589;5
107590;5
107591;5
107592;5
107599;5
107600;5
107601;5
107607;1
107611;1
107616;5
107621;1
107623;1
107627;5
107628;5
107632;5
107636;5
107640;1
107641;1
107642;1
107643;1
107649;1
107650;1
107653;1
107654;5
107657;1
107660;1
107662;1
107663;5
107664;5
107665;1
107671;5
107676;5
107678;5
107680;5
107681;5
107682;5
107683;5
107684;5
107689;5
107690;5
107691;5
107693;5
107697;5
107698;5
107699;5
107700;5
107703;5
107708;5
107709;5
107711;5
107712;5
107713;5
107715;1
107716;1
107717;1
107718;1
107719;5
107722;5
107723;1
107731;5
107734;5
107735;5
107736;5
107740;1
107741;1
107742;1
107743;1
107748;1
107749;5
107751;1
107754;1
107759;1
107760;1
107762;1
107764;1
107765;1
107773;5
107782;1
107784;1
107786;5
107787;1
107788;1
107789;5
107790;5
107791;5
107792;1
107793;1
107795;5
107796;5
107797;5
107801;5
107802;5
107803;5
107804;5
107805;1
107806;5
107807;1
107808;5
107809;1
107815;1
107818;1
107820;1
107821;1
107822;1
107824;1
107827;5
107828;5
107829;5
107831;5
107837;5
107838;1
107839;1
107840;5
107841;5
107842;1
107843;2
107844;2
107845;2
107847;2
107848;3
107849;5
107852;2
107856;2
107858;2
107859;1
107861;2
107862;2
107864;2
107865;2
107866;2
107867;1
107868;2
107869;2
107870;2
107871;2
107872;2
107873;2
107876;5
107877;2
107878;2
107879;1
107880;2
107881;3
107883;2
107884;2
107885;2
107890;1
107891;2
107893;2
107894;2
107895;2
107896;2
107897;1
107898;3
107899;2
107900;5
107901;3
107903;2
107904;3
107906;3
107908;3
107910;3
107911;3
107917;2
107918;5
107920;1
107921;1
107922;5
107923;1
107931;1
107952;5
107953;5
108132;1
108153;1
108172;1
108212;1
108372;3
108872;1
109012;1
109013;1
109032;5
109092;1
109172;2
109392;1
109872;5
111832;1
111872;3
112872;1
112893;1
113232;5
113332;2
113532;2
113572;5
113812;5
113872;1
113892;1
113972;5
113992;5
114232;1
114234;5
114235;5
114238;5
114240;5
114242;5
114243;5
114244;5
114245;5
114246;5
114247;5
114250;1
114251;5
114253;5
114254;5
114255;1
114256;1
114257;5
114259;5
114263;5
114264;5
114265;5
114266;5
114267;5
114268;5
114269;5
114272;5
114273;5
114275;5
114276;1
114282;1
114283;1
114284;1
114289;1
114290;1
114293;1
114294;1
114296;1
114298;1
114299;1
114300;1
114302;1
114303;1
114304;5
114305;1
114306;1
114307;5
114308;1
114309;1
114310;1
114311;1
114313;1
114314;1
114315;1
114316;1
114317;1
114319;1
114321;1
114325;5
114326;1
114327;1
114328;1
114329;1
114334;1
114335;1
114336;1
114339;1
114341;1
114342;1
114343;1
114344;1
114345;1
114348;1
114350;1
114352;1
114353;1
114356;1
114359;1
114360;1
114361;1
114362;1
114367;1
114368;1
114370;1
114373;1
114375;1
114376;1
114377;1
114381;1
114382;1
114384;1
114385;1
114386;5
114389;5
114390;5
114392;5
114394;5
114396;5
114397;5
114398;5
114400;5
114401;5
114404;5
114407;2
114408;5
114411;5
114412;5
114413;5
114415;5
114416;5
114418;5
114420;5
114421;5
114423;5
114424;5
114427;5
114428;5
114430;5
114432;5
114433;1
114434;2
114435;5
114441;2
114442;5
114443;5
114445;2
114447;5
114449;5
114451;2
114452;2
114453;5
114454;5
114455;5
114456;5
114457;2
114458;5
114459;5
114460;5
114461;5
114463;5
114465;5
114466;1
114467;5
114468;5
114470;5
114472;5
114476;2
114477;2
114478;2
114479;2
114484;2
114485;2
114488;1
114492;2
114493;1
114494;1
114495;1
114496;2
114497;5
114498;2
114499;2
114500;2
114501;1
114502;1
114504;1
114505;2
114509;1
114511;5
114512;1
114516;1
114517;1
114522;2
114523;2
114525;2
114527;5
114528;2
114530;2
114531;2
114533;2
114536;2
115032;2
115172;1
115232;1
115258;5
115332;1
115473;1
115636;1
115637;5
115639;1
115640;1
115641;1
115644;5
115645;1
115646;1
115647;1
115648;1
115649;5
115650;1
115652;5
115655;1
115661;1
115663;1
115664;1
115665;1
115672;1
115674;1
115679;1
115681;1
115682;1
115684;1
115686;5
115689;5
115690;5
115691;5
115692;5
115693;5
115694;5
115695;5
115696;5
115697;5
115698;5
115699;5
115701;5
115702;5
115703;5
115704;5
115709;5
115710;5
115711;5
115712;5
115713;5
115715;5
115716;5
115717;5
115718;5
115719;5
115720;5
115721;5
115726;5
115728;5
115729;5
115730;5
115731;5
115732;5
115733;5
115734;5
115735;5
115737;1
115739;1
115741;1
115742;1
115743;1
115744;1
115745;1
115748;1
115750;1
115753;1
115754;1
115755;1
115756;1
115757;1
115758;1
115759;1
115761;1
115762;1
115763;1
115764;1
115766;1
115767;1
115768;1
115770;1
115771;1
115774;1
115775;1
115779;1
115780;1
115783;1
115785;1
115786;5
115787;1
115788;1
115789;1
115790;1
115791;1
115792;1
115793;1
115794;1
115795;1
115796;1
115797;1
115798;1
115799;1
115800;1
115801;1
115802;1
115807;1
115808;1
115810;1
115811;1
115813;1
115814;1
115816;1
115817;1
115818;1
115819;1
115820;1
115821;1
115822;1
115824;1
115825;1
115827;1
115828;1
115831;1
115833;1
115834;1
115835;1
115836;1
115837;1
115992;5
116012;5
116052;1
116512;1
116572;1
116573;1
116574;1
116575;1
116576;1
116577;1
116578;1
116579;1
116580;1
116581;5
116586;5
116589;5
116590;5
116591;1
116592;1
116594;1
116597;1
116598;1
116600;5
116601;5
116602;1
116603;1
116604;1
116605;1
116606;1
116609;5
116610;5
116612;1
116615;1
116617;1
116618;1
116619;1
116620;1
116623;1
116625;1
116627;1
116628;5
116630;5
116632;5
116633;2
116634;2
116636;2
116637;2
116638;1
116639;1
116641;1
116642;1
116643;1
116647;1
116648;1
116651;2
116652;1
116653;1
116654;1
116655;1
116656;1
116659;2
116660;2
116662;1
116663;1
116665;5
116666;1
116668;1
116669;1
116670;1
116671;1
116672;1
116675;1
116676;1
116677;5
116679;5
116682;5
116684;1
116685;1
116686;1
116688;1
116691;1
116692;1
116693;1
116694;5
116698;1
116699;1
116702;1
116703;1
116704;5
116705;1
116706;1
116707;5
116709;1
116711;1
116712;1
116714;1
116717;1
116718;1
116719;1
116720;1
116722;1
116723;1
116724;1
116727;5
116729;5
116730;1
116731;1
116732;1
116733;1
116735;5
116736;5
116737;5
116738;1
116741;5
116742;1
116743;1
116744;1
116747;5
116748;5
116753;2
116754;2
116755;2
116757;2
116759;2
116760;2
116762;1
116763;1
116765;1
116766;2
116767;2
116768;2
116769;5
116770;5
116772;2
116773;2
116775;5
116776;1
116777;2
116780;2
116781;5
116782;2
116784;1
116786;2
116793;2
116794;1
116797;2
116798;2
116799;1
116800;1
116801;1
116803;2
116804;2
116806;2
116809;2
116810;2
116812;2
116813;5
116815;5
116817;2
116818;2
116819;2
116820;2
116823;2
116824;2
116825;2
116826;1
116828;5
116830;1
116832;5
116833;2
116834;2
116835;2
116836;2
116837;2
116838;1
116840;2
116841;2
116842;2
116844;2
116845;1
116847;2
116848;2
116849;2
116850;2
116851;5
116852;5
116853;5
116854;5
116857;2
116858;5
117152;2
117153;2
117154;2
117155;2
117157;2
117161;5
117162;1
117163;3
117168;2
117169;2
117171;3
117173;2
117174;2
117175;2
117178;3
117179;3
117180;2
117185;2
117189;5
117191;2
117193;5
117194;5
117198;2
117199;2
117200;5
117201;5
117202;3
117204;2
117205;2
117206;5
117207;5
117208;3
117210;2
117211;2
117332;2
117352;2
117392;1
117612;1
117613;1
117832;2
117912;3
117935;2
117936;2
117939;2
117941;2
117942;2
117945;2
117946;2
117949;2
117951;2
117952;2
117953;2
117954;2
117955;2
117963;1
117966;2
117968;2
117974;2
117980;2
117982;2
117983;2
117984;2
117985;2
117986;2
117987;2
117988;2
117989;2
118004;1
118005;1
118013;5
118014;2
118015;2
118018;2
118019;2
118027;2
118030;2
118032;1
118033;1
118034;1
118035;1
118036;1
118037;1
118038;1
118040;1
118041;1
118043;5
118044;2
118045;1
118046;1
118047;5
118048;2
118051;2
118052;2
118054;2
118055;2
118060;1
118061;1
118062;1
118067;2
118068;5
118069;2
118073;2
118074;2
118075;2
118076;2
118079;1
118080;1
118081;1
118082;1
118083;1
118084;5
118085;5
118086;2
118087;2
118090;1
118092;1
118093;1
118095;2
118096;2
118097;2
118098;2
118099;2
118100;2
118101;2
118102;2
118103;2
118104;2
118105;2
118106;1
118109;1
118110;1
118111;5
118112;1
118114;5
118115;5
118116;2
118117;2
118118;2
118372;5
118432;1
118592;1
118612;5
118632;2
118692;2
118712;5
118832;5
118892;1
119192;5
119492;5
120112;5
120132;1
120174;5
120252;2
120312;2
120332;1
120412;1
120972;2
120992;2
121172;5
121355;5
121417;2
121513;2
121518;1
121532;5
121672;1
121932;5
122072;1
122312;5
122392;5
122492;2
122772;1
123094;1
123988;5
123989;5
123990;5
123991;5
123992;5
123993;2
123994;2
123997;5
123999;5
124000;5
124025;5
124026;5
124072;1
124073;1
124074;1
124075;1
124076;1
124077;1
124078;1
124080;1
124081;1
124082;1
124083;1
124084;5
124085;1
124087;5
124090;5
124091;1
124092;5
124094;1
124095;1
124098;2
124099;2
124100;2
124101;2
124103;1
124105;1
124106;1
124108;1
124109;1
124110;1
124114;5
124117;1
124118;5
124119;5
124120;5
124121;1
124122;1
124123;1
124124;1
124125;1
124126;1
124127;1
124128;1
124129;1
124131;5
124132;5
124133;5
124134;5
124135;5
124137;1
124138;1
124140;2
124141;2
124142;2
124143;2
124144;2
124146;2
124147;2
124149;5
124152;1
124153;1
124154;1
124155;1
124156;1
124157;1
124158;1
124159;1
124160;1
124167;1
124170;2
124171;2
124172;2
124173;2
124174;2
124175;2
124176;1
124177;1
124178;1
124179;1
124180;1
124181;1
124182;1
124183;1
124184;1
124185;1
124187;1
124188;1
124189;1
124190;1
124191;1
124194;1
124195;1
124196;1
124199;1
124200;1
124201;1
124204;1
124206;2
124207;1
124209;5
124210;1
124211;1
124212;1
124214;1
124215;1
124216;2
124217;1
124219;2
124220;2
124221;2
124223;2
124229;2
124230;2
124231;5
124232;1
124234;1
124237;1
124239;1
124240;1
124241;1
124242;1
124243;1
124245;1
124246;1
124247;1
124248;2
124251;1
124252;1
124253;1
124254;1
124255;1
124256;1
124259;1
124263;2
124264;5
124265;5
124267;1
124268;1
124271;2
124273;1
124274;1
124275;1
124276;1
124277;1
124278;1
124280;1
124281;1
124282;1
124283;1
124285;1
124286;2
124288;2
124289;2
124292;2
124294;2
124298;2
124300;2
124301;1
124302;2
124304;2
124305;2
124309;1
124311;2
124314;2
124317;2
124319;2
124323;2
124325;2
124330;2
124333;2
124334;2
124336;1
124337;2
124338;2
124340;2
124341;2
124347;2
124348;2
124349;2
124350;2
124351;2
124354;2
124355;2
124357;2
124358;2
124360;2
124372;2
124375;2
124376;2
124377;2
124379;2
124380;2
124382;2
124384;2
124385;5
124386;2
124389;1
124390;1
124391;1
124392;1
124393;2
124394;1
124396;1
124398;5
124400;1
124404;1
124405;1
124406;1
124407;1
124408;1
124409;1
124411;1
124415;1
124416;1
124418;1
124419;1
124421;1
124422;1
124423;1
124427;1
124428;1
124429;1
124430;1
124431;5
124432;1
124434;1
124435;5
124437;1
124438;1
124439;5
124440;1
124441;1
124442;1
124443;1
124445;1
124446;1
124451;1
124452;1
124456;1
124459;1
124460;1
124461;1
124462;5
124463;1
124464;1
124465;1
124466;1
124468;1
124469;1
124471;1
124472;1
124473;1
124474;1
124475;1
124476;1
124478;1
124482;1
124493;3
124498;5
124500;5
124501;5
124502;5
124503;5
124507;1
124508;1
124511;1
124514;1
124515;5
124520;5
124522;3
124524;3
124525;3
124526;3
124533;3
124534;3
124536;5
124537;5
124538;5
124539;5
124540;5
124541;5
124542;3
124543;3
124545;3
124546;3
124547;3
124549;3
124550;3
124551;3
124552;3
124553;3
124554;3
124560;1
124563;1
124566;3
124567;3
124568;1
124569;1
124571;1
124572;3
124574;1
124576;1
124578;1
124579;5
124581;5
124585;5
124587;1
124594;1
124597;1
124598;1
124599;1
124601;1
124602;1
124607;1
124608;1
124609;1
124610;1
124611;1
124612;1
124615;1
124616;1
124618;1
124624;1
124627;1
124629;1
124630;1
124632;1
124634;1
124638;1
124642;1
124643;1
124644;1
124645;1
124646;1
124647;1
124649;1
124651;1
124657;1
124658;1
124659;1
124662;5
124664;1
124665;1
124667;5
124668;1
124669;1
124670;1
124672;1
124673;1
124674;1
124677;1
124678;1
124679;1
124680;1
124681;1
124682;1
124687;5
124688;5
124690;5
124691;1
124692;1
124693;1
124695;1
124697;1
124698;1
124699;1
124702;1
124703;1
124707;1
124709;1
124710;1
124711;1
124715;1
124716;1
124718;1
124720;5
124721;1
124722;1
124723;1
124724;1
124727;1
124728;1
124729;1
124730;5
124732;5
124733;5
124735;1
124739;1
124740;1
124741;1
124742;1
124743;1
124746;1
124752;1
124759;1
124763;1
124766;1
124767;1
124768;1
124769;5
124772;1
124774;1
124775;1
124777;1
124778;3
124780;3
124784;3
124785;3
124786;3
124787;3
124788;3
124789;3
124793;3
124800;3
124801;3
124802;3
124803;3
124807;3
124808;3
124809;3
124822;1
124823;1
124824;1
124825;1
124826;1
124828;3
124832;3
124834;3
124836;3
124837;5
124838;3
124840;5
124842;3
124844;3
124854;3
124856;3
124859;1
124860;3
124863;3
124865;3
124866;3
124867;3
124868;3
124869;3
124870;3
124871;3
124875;1
124876;3
124880;1
124881;1
124883;1
124886;1
124887;1
124892;1
124893;1
124896;1
124897;1
124899;1
124902;5
124904;1
124905;1
124907;1
124920;3
124923;1
124924;1
124931;1
124932;1
124934;1
124936;1
124937;1
124938;1
124939;1
124942;1
124944;1
124950;1
124951;1
124955;1
124961;5
124962;1
124964;1
124966;1
124967;1
124968;1
124969;1
124970;1
124971;1
124972;5
124975;1
124976;1
124977;1
124978;1
124980;1
124981;1
124982;1
124983;1
124984;1
124985;1
124986;1
124987;1
124988;3
124989;3
124990;3
124991;3
124992;5
124993;1
124994;1
124995;1
124996;1
124997;3
125004;1
125007;3
125008;3
125011;3
125013;3
125014;5
125016;1
125021;1
125026;1
125028;1
125030;1
125031;5
125032;1
125034;1
125036;5
125038;5
125040;3
125041;3
125042;1
125043;3
125044;5
125046;3
125047;3
125048;5
125049;3
125050;3
125051;3
125052;3
125053;1
125054;1
125058;1
125062;1
125063;1
125064;1
125067;1
125069;1
125092;1
125132;5
125174;2
125192;3
125272;5
125292;5
125293;5
125452;1
125472;1
125796;5
125797;5
125798;5
125800;2
125802;2
125803;2
125809;5
125820;5
125821;5
125823;5
125828;5
125829;5
125830;5
125834;5
125836;5
125837;5
125841;5
125842;5
125843;5
125844;5
125845;5
125848;5
125849;5
125850;5
125851;5
125854;5
125855;5
125857;2
125858;2
125859;5
125860;5
125861;5
125862;2
125864;5
125866;5
125868;1
125871;2
125872;2
125873;5
125874;5
125875;5
125883;1
125884;5
125885;5
125887;5
125889;5
125890;5
125892;5
125893;5
125896;2
125903;5
125904;5
125911;5
125912;5
125914;5
125915;2
125916;5
125918;5
125919;5
125920;2
125921;2
125922;2
125923;2
125924;2
125928;5
125930;5
125931;5
125932;5
125933;5
125934;2
125936;5
125940;5
125941;1
125942;1
125943;1
125944;1
125948;2
125950;2
125951;2
125954;2
125960;5
125962;5
125964;2
125965;2
125967;2
125968;5
125969;5
125971;5
125972;5
125973;2
125975;2
125976;5
125977;5
125978;2
125980;5
125981;5
125982;5
125983;2
125985;5
125987;5
125988;5
125991;5
125993;2
125994;5
125995;2
125996;2
125998;2
125999;5
126002;5
126003;2
126004;5
126005;2
126006;5
126007;5
126008;5
126010;2
126011;5
126012;5
126013;5
126014;2
126016;5
126019;2
126032;1
126033;1
126034;1
126035;1
126036;1
126037;1
126038;1
126039;1
126040;1
126041;1
126042;1
126044;1
126045;1
126046;2
126047;2
126049;2
126050;5
126051;5
126052;1
126059;1
126060;1
126061;1
126062;1
126064;1
126065;1
126066;1
126067;1
126070;1
126072;1
126073;1
126075;1
126076;1
126077;2
126078;5
126083;1
126084;1
126085;1
126086;1
126087;1
126088;1
126089;1
126090;1
126091;1
126092;1
126093;1
126094;5
126095;5
126096;5
126098;5
126099;5
126100;1
126101;1
126102;1
126104;2
126105;5
126106;2
126107;5
126108;5
126109;5
126121;1
126123;1
126124;1
126125;1
126126;1
126127;1
126128;1
126130;1
126131;1
126133;1
126134;5
126312;2
126774;2
126992;1
127832;1
128032;1
128052;1
128193;3
128592;2
128612;2
129032;2
129052;5
129053;5
129054;5
129056;5
129057;5
129060;5
129061;5
129062;5
129063;5
129064;5
129065;5
129066;5
129067;5
129069;5
129070;5
129071;5
129072;5
129073;5
129074;5
129075;5
129078;5
129079;5
129080;5
129081;5
129082;2
129083;2
129084;2
129085;2
129086;2
129088;2
129089;2
129090;5
129091;5
129092;5
129093;5
129094;5
129095;5
129097;5
129098;5
129100;5
129101;5
129104;5
129106;5
129109;1
129113;1
129114;5
129115;5
129116;5
129117;5
129118;5
129119;5
129120;5
129121;5
129122;5
129123;5
129124;5
129125;2
129126;5
129129;2
129130;2
129131;2
129132;2
129133;2
129134;5
129135;5
129136;2
129137;1
129141;5
129143;2
129145;5
129146;5
129147;5
129152;5
129154;5
129158;5
129159;5
129161;2
129162;1
129164;2
129165;1
129167;1
129168;2
129169;2
129170;5
129173;1
129174;2
129175;2
129176;2
129177;2
129178;2
129180;2
129181;2
129182;2
129183;2
129185;1
129186;2
129187;2
129188;1
129191;5
129193;1
129197;2
129198;2
129199;1
129200;2
129201;2
129202;2
129203;1
129204;1
129205;1
129206;1
129207;1
129209;2
129210;1
129211;2
129214;2
129215;1
129216;2
129217;1
129218;2
129219;2
129220;1
129221;1
129225;2
129226;2
129227;1
129228;1
129231;2
129234;2
129235;1
129236;2
129237;2
129238;2
129239;2
129240;2
129241;2
129242;2
129243;2
129244;2
129245;2
129246;2
129247;2
129248;2
129249;2
129250;2
129251;2
129252;1
129254;1
129255;1
129256;1
129261;2
129262;2
129272;1
129277;1
129281;5
129282;5
129283;1
129285;5
129286;5
129287;2
129289;5
129290;2
129291;2
129292;2
129293;5
129294;1
129297;2
129298;2
129299;2
129301;5
129302;1
129304;1
129305;5
129307;2
129308;2
129310;2
129311;2
129312;1
129313;5
129314;5
129315;1
129317;1
129318;1
129319;1
129320;2
129321;1
129322;1
129332;1
129333;5
129334;5
129335;2
129336;2
129337;1
129338;2
129339;1
129340;1
129341;1
129343;5
129344;5
129345;1
129346;1
129347;1
129349;1
129350;5
129351;1
129352;1
129353;1
129355;2
129356;1
129357;2
129358;2
129360;1
129361;2
129362;5
129365;5
129369;2
129372;5
129376;2
129377;5
129378;2
129379;2
129380;2
129382;2
129385;2
129386;2
129388;2
129389;2
129391;2
129392;5
129394;5
129395;2
129397;2
129399;5
129400;5
129401;5
129402;5
129405;2
129406;2
129407;2
129408;2
129409;2
129410;2
129411;5
129414;2
129415;2
129416;2
129417;2
129419;2
129421;2
129422;2
129423;5
129424;5
129426;2
129427;2
129428;2
129432;2
129434;2
129435;2
129438;2
129439;2
129440;2
129443;5
129444;5
129447;2
129448;2
129449;5
129451;2
129452;2
129453;2
129454;2
129456;2
129459;2
129461;2
129463;2
129464;5
129465;5
129466;5
129467;5
129468;5
129469;5
129473;5
129476;5
129477;5
129478;5
129483;5
129484;5
129485;5
129486;5
129488;3
129491;5
129494;5
129496;1
129497;5
129498;5
129499;5
129500;5
129501;3
129502;3
129504;3
129506;3
129511;5
129512;1
129513;1
129514;5
129515;1
129517;1
129518;1
129521;5
129522;5
129523;3
129524;5
129525;5
129526;3
129527;5
129528;3
129529;5
129530;3
129531;3
129532;5
129533;5
129534;3
129535;3
129536;3
129539;3
129540;3
129541;3
129543;5
129545;1
129546;1
129547;3
129548;5
129550;1
129551;1
129555;5
129556;1
129559;5
129563;5
129564;1
129565;1
129566;1
129567;5
129568;5
129569;5
129571;5
129573;5
129574;1
129575;5
129576;5
129580;3
129581;3
129582;3
129583;3
129584;3
129585;3
129587;3
129589;3
129590;3
129591;3
129592;3
129593;3
129594;3
129596;1
129597;1
129598;1
129600;1
129601;1
129602;3
129603;3
129604;3
129605;3
129606;3
129607;3
129608;3
129609;1
129610;3
129611;3
129612;3
129613;3
129614;3
129618;3
129619;1
129621;3
129622;3
129623;3
129624;3
129625;3
129626;3
129627;3
129628;3
129629;3
129630;3
129631;3
129632;1
129634;1
129635;1
129636;1
129638;3
129639;3
129640;3
129641;3
129642;3
129643;3
129644;3
129646;3
129647;1
129648;1
129650;1
129651;1
129652;1
129654;3
129656;1
129657;1
129659;1
129660;1
129662;1
129663;3
129664;3
129665;3
129666;3
129668;3
129669;1
129671;3
129673;1
129674;1
129675;5
129676;2
129678;2
129679;2
129681;2
129700;2
129701;5
129702;5
129703;2
129704;2
129705;2
129717;2
129744;2
129745;2
129747;2
129748;2
129750;2
129751;2
129763;2
129768;2
129770;2
129772;2
129773;2
129912;5
130016;3
130272;1
130292;1
130652;2
131093;2
131272;3
131332;5
131352;5
131433;5
131454;5
131472;1
131492;5
131552;1
131694;5
131792;1
131972;5
131973;2
131974;2
131993;2
132012;2
132014;2
132016;5
132018;2
132019;2
132492;2
132512;1
132752;3
132812;5
132832;2
132852;3
133632;1
133692;2
133812;1
133873;2
133892;2
133893;2
133896;2
133897;2
133898;2
133899;2
133900;2
133901;2
133902;2
133903;1
133905;1
133907;2
133908;2
133909;2
133910;2
133911;2
133912;1
133914;2
133915;2
133917;2
133918;2
133919;2
133922;2
133924;2
133925;2
133930;1
133934;1
133939;2
133943;2
133946;2
133948;2
133949;1
133952;1
133954;2
133955;2
133956;2
133957;2
133962;2
133963;2
133964;2
133965;2
133967;1
133969;1
133970;1
133971;1
133972;1
133973;2
133974;2
133975;1
133986;2
133988;2
133991;2
133993;2
133994;2
133995;2
133996;2
133997;2
133998;2
133999;2
134000;2
134001;2
134002;2
134004;2
134005;2
134007;2
134010;2
134011;2
134013;2
134014;2
134015;2
134016;5
134021;2
134027;5
134028;2
134029;2
134031;2
134032;2
134033;2
134034;2
134035;2
134036;2
134038;2
134039;2
134040;2
134041;2
134042;2
134043;2
134044;2
134045;2
134046;2
134048;2
134049;2
134058;2
134063;2
134064;2
134065;2
134068;2
134070;2
134072;2
134073;2
134074;2
134076;2
134078;2
134082;2
134083;2
134084;2
134092;2
134095;2
134097;2
134098;2
134100;5
134101;5
134102;2
134103;2
134105;2
134106;2
134107;2
134110;2
134111;2
134113;2
134117;2
134118;2
134120;5
134122;2
134129;5
134130;5
134131;5
134132;5
134133;2
134135;2
134136;2
134138;2
134141;2
134142;2
134143;2
134144;2
134145;2
134146;2
134152;2
134153;2
134156;2
134159;2
134160;2
134162;5
134165;5
134166;5
134170;5
134171;5
134173;5
134176;2
134178;2
134180;2
134182;2
134186;2
134187;2
134188;2
134189;2
134190;2
134192;2
134193;1
134197;1
134202;5
134203;1
134209;1
134210;1
134211;1
134212;1
134213;1
134214;1
134215;1
134216;1
134219;1
134220;1
134221;1
134224;1
134227;1
134229;1
134239;5
134241;5
134244;1
134245;1
134246;1
134247;1
134248;1
134249;1
134250;1
134254;1
134256;1
134257;1
134258;1
134261;1
134262;1
134266;1
134267;1
134268;1
134269;1
134270;1
134272;1
134273;1
134274;2
134276;2
134277;2
134281;2
134282;2
134284;1
134285;1
134289;1
134291;1
134293;1
134297;1
134298;1
134299;5
134300;5
134302;2
134303;2
134305;2
134306;2
134307;2
134311;2
134312;2
134313;2
134315;2
134316;2
134317;2
134318;2
134320;2
134322;2
134323;2
134324;2
134327;2
134328;2
134330;2
134332;2
134334;2
134336;2
134337;2
134338;2
134339;2
134343;2
134345;2
134346;2
134347;2
134348;2
134349;2
134350;2
134353;2
134357;2
134358;2
134359;2
134362;2
134364;2
134365;2
134366;2
134367;2
134368;2
134369;2
134373;2
134374;2
134375;2
134376;2
134377;2
134378;2
134381;2
134383;2
134387;2
134388;2
134390;2
134391;2
134392;2
134393;2
134394;2
134395;2
134396;2
134401;2
134402;2
134403;2
134404;2
134405;2
134406;2
134408;2
134409;5
134410;5
134411;5
134413;5
134414;2
134415;2
134416;2
134418;1
134419;1
134421;1
134422;1
134423;5
134424;5
134428;1
134429;2
134432;1
134433;1
134434;1
134435;2
134436;2
134437;5
134441;2
134445;5
134447;2
134448;2
134449;5
134450;5
134451;2
134452;2
134453;2
134454;2
134455;2
134457;5
134458;5
134463;5
134464;5
134473;2
134475;2
134477;2
134479;2
134480;2
134482;2
134483;2
134484;2
134487;1
134488;2
134489;5
134491;5
134492;2
134494;5
134495;5
134497;2
134500;5
134501;5
134503;5
134504;5
134505;2
134506;2
134507;2
134508;2
134509;2
134511;1
134512;1
134513;1
134514;1
134517;1
134518;1
134520;1
134521;1
134523;1
134524;1
134525;1
134526;1
134529;1
134530;1
134533;5
134534;1
134536;1
134537;1
134538;1
134539;1
134540;1
134545;1
134546;1
134547;1
134549;1
134550;1
134551;1
134554;1
134555;5
134556;5
134557;1
134558;1
134559;1
134561;1
134565;1
134567;1
134569;1
134571;1
134572;1
134578;1
134579;1
134583;1
134584;1
134585;1
134586;1
134587;1
134589;1
134591;1
134593;1
134594;1
134596;5
134597;5
134598;1
134602;1
134603;1
134607;1
134608;1
134611;1
134612;1
134615;5
134617;5
134618;5
134620;5
134621;5
134623;5
134624;5
134625;5
134626;5
134630;5
134631;5
134633;5
134634;5
134636;5
134638;5
134639;5
134640;5
134641;5
134642;5
134645;5
134646;5
134647;5
134648;5
134649;5
134650;5
134652;5
134654;5
134657;5
134659;5
134661;5
134664;2
134667;5
134669;5
134671;5
134676;5
134678;5
134679;5
134680;5
134681;5
134684;5
134686;5
134691;5
134692;5
134693;5
134695;5
134698;5
134699;5
134701;5
134702;5
134703;5
134704;5
134706;1
134707;1
134708;1
134712;5
134713;5
134714;5
134715;5
134716;5
134718;5
134719;5
134720;5
134723;5
134725;1
134726;1
134727;1
134734;2
134735;2
134736;2
134737;2
134740;2
134741;2
134742;2
134743;1
134747;1
134751;1
134753;1
134754;1
134755;5
134757;1
134758;1
134759;1
134760;1
134763;1
134765;1
134768;1
134771;1
134772;5
134775;1
134776;1
134781;1
134782;1
134784;1
134785;1
134791;1
134792;1
134796;1
134797;1
134800;1
134801;1
134808;2
134810;1
134811;1
134813;1
134814;1
134815;1
134818;1
134822;1
134823;1
134824;1
134832;2
134952;1
134972;1
134993;5
135012;1
135034;2
135132;2
135192;2
135232;1
135252;5
135312;5
135452;5
135572;1
135632;2
135732;2
135812;1
135832;1
135872;1
135892;5
135992;1
136112;2
136174;5
136254;2
136292;5
136313;2
136352;3
136473;1
136493;1
136534;2
136779;2
136812;2
136813;2
136832;2
136892;2
136912;2
136972;2
137012;2
137072;1
137074;1
137075;1
137076;1
137092;1
137113;5
137132;2
137133;2
137134;2
137154;2
137193;5
137212;5
137217;5
137333;2
137352;1
137412;2
137492;1
137512;5
137552;5
137592;1
137612;5
137752;2
137772;5
137792;1
137794;1
137812;2
137832;1
137892;1
137912;1
138052;5
138054;5
138133;1
138312;1
138316;1
138317;1
138322;1
138324;1
138325;1
138326;1
138327;1
138328;5
138329;5
138330;5
138331;1
138336;1
138338;5
138340;1
138341;5
138342;5
138347;1
138348;5
138349;5
138350;5
138351;5
138357;5
138358;1
138359;1
138360;1
138361;1
138362;1
138363;5
138364;1
138365;1
138368;1
138371;1
138373;1
138374;1
138376;1
138377;1
138381;5
138382;5
138383;1
138384;1
138385;1
138386;1
138388;1
138389;1
138390;1
138391;1
138392;1
138395;5
138396;5
138397;5
138398;5
138399;5
138402;5
138403;1
138404;5
138405;5
138406;5
138407;5
138408;5
138409;5
138410;5
138411;5
138412;5
138414;5
138416;5
138418;2
138419;2
138420;2
138421;2
138422;2
138425;2
138426;2
138428;2
138429;2
138431;2
138433;2
138434;2
138437;5
138438;5
138439;5
138440;5
138441;5
138442;2
138443;2
138445;2
138446;2
138447;2
138448;2
138449;2
138450;2
138452;2
138453;2
138454;2
138455;2
138457;2
138458;2
138459;2
138461;2
138462;5
138463;5
138464;5
138465;5
138468;5
138469;5
138470;5
138471;5
138472;5
138473;5
138474;5
138475;5
138476;5
138477;5
138478;5
138479;5
138480;5
138481;5
138482;5
138483;5
138484;5
138485;5
138486;5
138487;5
138488;5
138489;5
138490;5
138491;5
138494;5
138497;2
138498;2
138499;1
138500;2
138501;5
138502;2
138503;2
138505;2
138508;2
138512;2
138514;2
138515;5
138517;5
138519;5
138520;5
138527;5
138528;2
138529;2
138534;5
138535;5
138537;5
138539;5
138543;5
138544;5
138547;5
138548;5
138549;5
138555;5
138557;5
138558;5
138559;5
138560;5
138561;5
138562;5
138563;5
138566;5
138567;5
138568;5
138569;5
138570;5
138571;5
138573;5
138574;5
138575;5
138576;5
138578;5
138579;5
138580;5
138581;5
138582;5
138583;5
138584;5
138585;5
138587;5
138588;5
138589;5
138590;5
138591;2
138594;5
138596;2
138597;5
138599;5
138600;5
138601;5
138602;5
138603;5
138604;5
138607;5
138609;5
138611;5
138616;2
138618;2
138619;2
138621;2
138627;2
138628;2
138632;2
138633;2
138634;2
138637;2
138640;2
138642;2
138643;2
138647;1
138649;1
138650;1
138651;1
138653;5
138654;5
138655;2
138656;2
138657;2
138658;2
138662;2
138664;2
138665;2
138666;2
138671;2
138672;2
138673;2
138674;1
138675;1
138676;2
138677;2
138678;2
138679;2
138680;2
138681;2
138684;2
138693;2
138694;2
138695;2
138696;2
138697;1
138699;1
138702;1
138703;1
138704;1
138705;5
138706;1
138707;1
138708;1
138709;1
138710;1
138711;1
138714;1
138715;1
138717;1
138719;1
138720;1
138721;1
138722;1
138724;1
138726;1
138729;1
138732;1
138734;1
138735;1
138736;1
138737;1
138738;1
138741;1
138757;1
138758;1
138759;1
138760;1
138761;1
138762;1
138763;1
138764;1
138775;1
138778;1
138781;1
138782;1
138784;1
138785;1
138786;1
138787;1
138788;1
138789;1
138790;1
138793;1
138795;1
138796;1
138797;1
138798;1
138800;1
138801;1
138810;1
138813;5
138815;5
138818;1
138819;5
138821;5
138822;1
138823;5
138824;1
138825;1
138826;1
138829;1
138830;1
138832;1
138833;5
138834;1
138835;1
138836;1
138837;5
138838;5
138839;1
138840;1
138841;1
138843;1
138845;1
138846;5
138848;5
138850;5
138851;5
138852;1
138853;1
138854;1
138858;1
138859;5
138860;1
138861;5
138862;5
138863;1
138864;1
138865;1
138868;1
138869;5
138870;5
138871;5
138872;5
138873;5
138874;1
138879;5
138880;5
138881;1
138883;5
138884;1
138886;1
138887;1
138888;1
138890;1
138891;1
138892;1
138894;1
138895;1
138896;1
138897;1
138899;1
138900;5
138902;1
138903;5
138904;1
138905;5
138907;5
138909;5
138910;5
138911;5
138913;5
138914;5
138919;1
138921;1
138952;2
138972;2
138973;2
138974;2
139052;2
139053;2
139073;1
139092;2
139094;2
139096;2
139097;2
139099;5
139102;2
139108;2
139110;2
139111;2
139112;2
139116;2
139118;2
139119;2
139120;2
139124;2
139125;2
139127;2
139129;2
139134;2
139135;2
139138;2
139141;2
139149;2
139152;2
139153;2
139154;2
139156;2
139157;2
139162;2
139163;2
139164;2
139165;2
139167;2
139168;2
139169;2
139170;2
139172;2
139173;2
139174;5
139175;2
139180;2
139183;2
139184;5
139185;5
139187;2
139188;2
139189;2
139190;2
139191;2
139192;2
139193;2
139194;2
139198;2
139199;2
139200;2
139201;2
139202;2
139207;2
139209;1
139211;2
139212;2
139213;5
139217;5
139222;2
139224;2
139225;1
139232;5
139234;5
139237;2
139238;2
139239;2
139241;2
139242;2
139243;2
139247;5
139249;5
139250;2
139253;5
139254;2
139255;5
139261;5
139264;2
139265;5
139267;1
139268;5
139269;5
139270;5
139271;5
139273;2
139278;2
139280;2
139281;2
139282;5
139283;5
139289;2
139290;2
139452;5
139472;5
139492;5
139553;2
139612;5
139652;5
139712;1
139732;1
139933;1
140012;1
140032;5
140132;5
140154;2
140212;1
140272;5
140312;5
140332;1
140352;1
140432;1
140612;1
140633;2
140672;2
140772;2
140792;1
140852;5
140932;5
141052;2
141072;5
141092;5
141112;5
141132;1
141133;1
141152;5
141154;5
141155;5
141156;5
141157;5
141158;5
141160;5
141162;5
141164;5
141165;5
141166;5
141167;5
141168;5
141169;5
141170;5
141171;5
141173;5
141174;5
141176;5
141178;5
141179;5
141180;5
141181;5
141182;5
141183;5
141190;5
141191;5
141192;5
141193;5
141194;5
141195;5
141196;5
141197;5
141198;5
141199;5
141200;5
141201;5
141204;5
141205;5
141206;5
141207;5
141208;5
141209;5
141216;5
141217;5
141219;5
141220;5
141222;5
141223;5
141225;5
141226;5
141227;5
141228;5
141229;5
141230;5
141232;5
141233;5
141234;5
141236;5
141237;5
141238;5
141239;5
141240;5
141241;5
141242;5
141243;5
141244;5
141245;5
141246;5
141247;5
141248;5
141249;5
141251;5
141253;1
141254;1
141257;1
141261;5
141262;5
141263;1
141265;1
141266;1
141267;1
141269;1
141270;1
141271;1
141272;1
141273;1
141274;5
141275;1
141276;1
141277;1
141279;1
141280;1
141281;1
141284;5
141289;1
141292;1
141296;1
141300;5
141302;1
141303;1
141307;5
141308;5
141310;5
141311;5
141312;5
141313;5
141314;5
141315;5
141316;5
141317;5
141318;5
141320;5
141321;5
141322;5
141323;5
141327;1
141328;1
141329;1
141331;1
141332;1
141334;1
141335;1
141340;5
141342;5
141343;5
141344;1
141345;1
141348;5
141349;5
141350;5
141351;5
141354;5
141357;3
141358;3
141362;3
141363;3
141366;5
141368;5
141369;5
141370;5
141372;5
141374;5
141375;5
141379;5
141381;5
141388;3
141389;3
141390;3
141393;3
141396;3
141397;3
141399;3
141400;3
141401;3
141405;3
141406;3
141407;3
141408;3
141409;3
141410;3
141412;3
141413;3
141414;3
141415;3
141416;3
141418;5
141421;5
141423;5
141425;5
141426;5
141428;5
141429;5
141431;5
141432;3
141434;3
141435;3
141440;3
141441;5
141442;3
141444;1
141445;1
141448;5
141450;1
141452;1
141453;1
141454;1
141457;1
141458;1
141459;1
141460;1
141462;1
141463;1
141465;1
141466;1
141468;5
141469;5
141470;5
141471;5
141472;5
141473;5
141474;5
141475;1
141476;5
141477;1
141478;1
141479;1
141480;1
141481;1
141482;5
141484;1
141485;1
141486;1
141488;5
141489;5
141491;5
141492;5
141493;1
141494;1
141495;1
141496;1
141500;5
141501;5
141502;5
141503;1
141504;5
141505;5
141506;1
141507;1
141508;1
141509;1
141511;1
141512;1
141513;1
141514;1
141515;5
141517;5
141519;1
141521;1
141522;1
141523;1
141524;5
141525;5
141526;5
141527;5
141528;1
141529;1
141530;1
141531;1
141532;1
141533;1
141534;1
141535;1
141538;1
141539;1
141541;1
141543;1
141544;1
141545;1
141546;1
141547;1
141552;1
141553;2
141555;2
141556;2
141557;2
141558;2
141559;2
141560;2
141562;2
141563;5
141564;2
141565;2
141567;2
141569;2
141570;2
141571;2
141572;2
141573;2
141574;2
141575;2
141576;2
141577;2
141578;2
141579;2
141580;2
141581;2
141583;5
141586;2
141587;5
141588;2
141589;2
141590;2
141592;2
141593;2
141594;2
141595;2
141597;2
141601;2
141602;2
141603;2
141604;2
141605;2
141606;2
141608;5
141609;2
141610;5
141611;5
141612;2
141613;2
141614;2
141615;2
141616;5
141617;2
141618;2
141619;1
141621;2
141623;2
141624;2
141625;2
141627;2
141628;2
141629;2
141630;5
141631;2
141632;2
141633;2
141634;2
141635;2
141637;2
141639;2
141643;2
141644;2
141645;2
141646;2
141647;2
141648;2
141652;1
141653;1
141654;1
141656;1
141657;1
141658;1
141659;1
141660;1
141661;5
141662;5
141663;5
141664;5
141671;5
141672;1
141673;1
141674;5
141675;1
141676;1
141678;1
141681;1
141690;5
141691;5
141692;5
141694;5
141695;1
141696;1
141697;1
141698;1
141699;1
141701;1
141705;1
141707;1
141708;1
141711;5
141712;1
141714;1
141715;1
141717;1
141718;1
141719;1
141720;1
141724;1
141725;1
141727;1
141728;1
141730;1
141732;1
141735;1
141738;5
141739;5
141740;5
141745;5
141747;5
141748;5
141749;1
141751;1
141753;1
141754;1
141760;1
141761;1
141762;5
141763;1
141765;1
141766;1
141767;1
141768;1
141769;1
141770;1
141771;1
141772;5
141773;1
141774;1
141775;1
141776;1
141777;1
141779;1
141780;1
141782;1
141783;1
141784;1
141785;1
141788;1
141789;1
141790;1
141791;1
141792;1
141793;1
141794;1
141795;1
141796;1
141797;1
141799;1
141800;1
141801;1
141802;5
141803;5
141805;1
141806;1
141808;1
141809;1
141810;1
141811;1
141812;1
141813;1
141814;1
141816;1
141818;1
141819;1
141820;1
141822;1
141823;1
141824;1
141825;1
141826;1
141827;1
141828;1
141829;1
141832;1
141833;1
141834;5
141835;1
141836;1
141838;1
141839;1
141840;1
141841;1
141842;1
141843;1
141844;1
141846;1
141847;1
141848;1
141849;1
141850;1
141851;1
141852;1
141853;1
141855;3
141857;3
141858;3
141859;3
141860;3
141861;3
141862;5
141863;3
141864;3
141865;3
141869;1
141870;1
141871;1
141873;3
141874;3
141875;3
141877;3
141878;3
141879;3
141880;3
141881;3
141883;1
141884;3
141885;1
141886;1
141887;1
141888;3
141889;3
141890;3
141891;3
141892;3
141894;3
141895;3
141896;3
141897;3
141899;3
141900;3
141901;3
141903;3
141904;3
141906;3
141907;3
141908;3
141909;3
141910;3
141911;5
141912;3
141917;3
141918;3
141919;1
141920;1
141921;3
141922;3
141923;1
141924;1
141925;3
141926;5
141927;3
141928;3
141929;5
141930;3
141931;3
141933;3
141935;3
141937;1
141938;1
141940;1
141942;3
141943;3
141944;3
141946;3
141949;3
141950;3
141951;3
141952;3
141954;3
141956;3
141958;3
141960;3
141963;3
141964;3
141965;3
141967;3
141968;3
141970;3
141971;3
141972;3
141973;3
141974;3
141975;3
141977;3
141978;3
141979;3
141980;3
141981;3
141982;3
141984;3
141985;3
141989;3
141990;3
141991;3
141992;3
141993;3
141995;3
141996;1
141997;1
141998;1
141999;1
142000;1
142001;1
142002;1
142007;1
142008;1
142009;3
142010;3
142011;3
142012;3
142013;1
142014;1
142015;3
142016;3
142020;1
142026;1
142027;1
142028;3
142029;3
142030;3
142033;3
142034;3
142035;3
142038;3
142041;3
142042;3
142043;3
142044;3
142045;3
142046;3
142047;3
142048;3
142053;3
142054;3
142055;3
142056;3
142057;3
142058;3
142064;3
142065;3
142066;3
142067;3
142068;3
142069;3
142070;3
142071;3
142073;3
142074;5
142076;5
142077;5
142078;5
142079;3
142080;3
142082;3
142085;3
142086;5
142087;3
142088;3
142091;3
142092;3
142093;3
142094;3
142095;3
142096;3
142097;5
142098;3
142099;3
142100;3
142102;3
142105;3
142106;3
142108;3
142109;5
142110;3
142111;3
142112;3
142113;3
142114;3
142115;3
142116;3
142121;3
142126;3
142127;3
142131;3
142132;3
142133;3
142134;5
142135;3
142138;3
142139;3
142140;3
142141;3
142142;3
142144;3
142146;5
142147;3
142148;3
142149;3
142150;3
142151;3
142155;3
142158;3
142159;3
142162;3
142163;3
142164;3
142166;3
142167;3
142168;3
142169;3
142170;3
142173;2
142174;2
142175;2
142178;1
142179;5
142180;1
142181;1
142187;2
142188;2
142189;2
142191;1
142194;1
142195;1
142198;2
142199;2
142201;2
142203;2
142204;2
142205;2
142206;2
142207;2
142209;1
142215;2
142216;2
142218;2
142219;2
142223;2
142224;2
142226;2
142228;1
142229;1
142230;1
142234;1
142236;1
142238;1
142246;1
142247;1
142248;1
142249;1
142250;1
142251;1
142252;2
142254;2
142255;2
142256;2
142257;1
142258;1
142261;1
142262;1
142265;2
142268;1
142269;1
142270;1
142273;1
142276;1
142277;1
142278;1
142279;1
142280;2
142281;2
142282;2
142283;2
142284;2
142285;2
142286;2
142287;2
142288;2
142289;2
142290;5
142291;2
142294;2
142296;2
142299;2
142300;2
142301;1
142302;1
142306;2
142307;2
142309;2
142310;2
142311;2
142312;1
142317;2
142318;2
142319;2
142320;2
142321;2
142322;2
142323;2
142324;2
142325;2
142326;2
142327;2
142329;2
142330;2
142331;2
142334;2
142338;2
142340;2
142341;1
142342;1
142343;1
142344;1
142345;1
142346;2
142347;1
142348;1
142349;1
142352;2
142354;2
142360;2
142361;2
142367;2
142368;1
142371;5
142373;2
142374;2
142375;1
142376;1
142377;1
142378;1
142380;1
142381;1
142382;1
142386;5
142389;5
142390;5
142391;5
142392;5
142393;5
142394;5
142395;2
142396;2
142399;2
142402;1
142403;1
142404;1
142405;5
142409;5
142411;5
142412;2
142415;1
142416;1
142417;1
142418;5
142422;5
142423;5
142424;5
142430;1
142431;1
142434;1
142436;1
142437;1
142438;5
142439;1
142441;5
142442;5
142445;5
142449;2
142452;2
142453;1
142454;1
142455;1
142456;1
142458;1
142460;1
142461;1
142462;1
142463;5
142465;5
142467;5
142468;5
142469;5
142470;5
142473;2
142474;2
142475;2
142476;2
142477;2
142478;2
142481;2
142483;1
142485;1
142487;1
142488;1
142489;1
142490;1
142491;1
142492;1
142493;1
142494;1
142496;1
142497;1
142498;1
142499;1
142502;1
142503;1
142504;1
142505;1
142506;1
142507;1
142508;1
142509;1
142511;1
142513;1
142514;1
142515;1
142516;1
142517;5
142519;1
142521;1
142523;1
142527;1
142529;1
142531;1
142533;1
142534;1
142536;1
142537;1
142538;1
142539;1
142540;1
142541;1
142542;1
142543;1
142544;1
142545;1
142546;1
142547;1
142548;1
142549;1
142550;1
142551;1
142552;1
142554;1
142555;1
142556;1
142557;1
142558;1
142560;1
142563;1
142564;1
142566;1
142567;1
142569;1
142570;1
142571;1
142572;1
142573;1
142574;1
142575;1
142576;1
142577;1
142578;1
142579;1
142580;1
142581;1
142582;1
142583;1
142584;1
142587;1
142588;5
142590;5
142591;5
142592;5
142595;5
142599;5
142603;5
142604;5
142606;5
142608;5
142613;5
142617;5
142618;5
142620;5
142621;5
142625;5
142626;5
142630;1
142631;5
142632;5
142633;5
142634;5
142635;5
142636;5
142639;5
142640;5
142641;5
142642;1
142644;5
142645;5
142646;5
142647;5
142661;5
142662;5
142663;5
142665;5
142666;5
142669;5
142670;5
142671;1
142672;1
142674;5
142675;5
142682;5
142685;1
142752;5
142753;5
142852;2
142873;2
142912;5
142992;5
143012;2
143092;2
143112;2
143113;2
143192;2
143233;2
143272;2
143293;2
143412;2
143472;1
143473;2
143513;1
143533;1
143553;1
143613;5
143632;2
143652;5
143674;5
143692;5
143693;2
143694;2
143712;2
143713;2
143714;2
143715;2
143718;2
143752;5
143772;2
143812;1
143872;2
143932;5
143972;2
143992;5
144032;2
144052;5
144092;2
144132;2
144153;5
144172;1
144312;2
144414;1
144432;1
144434;1
144512;5
144532;5
144552;5
144794;2
144972;2
145032;2
145053;2
145072;2
145092;2
145152;1
145153;1
145172;1
145192;2
145232;5
145272;1
145352;1
145692;1
145732;2
145772;2
145833;1
145852;1
145872;1
145892;1
145912;1
145932;1
145972;1
145992;1
146012;1
146032;1
146092;1
146112;1
146132;1
146152;1
146173;1
146193;1
146212;5
146272;5
146332;5
146372;5
146412;5
146432;5
146552;5
146573;3
146612;1
146652;3
146692;3
146712;3
146752;1
146772;3
146812;1
147032;1
147052;1
147072;2
147075;2
147172;3
147212;1
147232;5
147272;5
147575;2
147592;1
147612;1
147632;1
147653;1
147755;1
147756;1
147758;1
147759;1
147792;1
147893;1
147896;1
148032;2
148052;2
148053;2
148077;2
148092;2
148172;2
148975;2
149312;5
149372;1
149392;5
149412;1
149552;2
149572;5
149612;1
149632;1
149892;2
149912;2
149932;5
149954;3
149973;1
150032;2
150072;2
150092;1
150172;1
150212;1
150292;2
150293;2
150392;1
150393;1
150532;2
150552;3
150612;1
150613;1
150632;5
150652;1
150654;1
150732;5
150813;2
150832;1
150852;1
150877;2
150994;2
151013;1
151712;2
151732;5
151752;2
151772;2
151852;1
151872;5
151992;2
152052;1
152114;5
152152;5
152173;1
152195;1
152212;5
152232;1
152252;3
152294;1
152374;1
152392;5
152474;3
152512;1
152953;5
152973;2
153033;5
153073;1
153132;5
153152;2
153193;1
153252;5
153292;2
153472;2
153552;1
154112;1
154292;5
154352;1
154413;1
154619;5
154632;1
154712;5
154772;1
154932;2
154993;1
154994;1
154995;1
155022;2
155024;1
155073;2
155212;1
155293;1
155312;1
155333;2
155492;1
155517;2
155532;2
155552;1
155575;2
155592;1
155616;2
155752;3
155772;5
155798;1
155819;1
155952;2
155992;1
156034;1
156092;5
156133;1
156152;1
156273;1
156312;1
156392;5
156412;5
156413;1
156533;2
156552;3
156584;2
156632;1
156672;1
156772;1
156895;2
156913;2
157052;1
157172;2
157372;5
157412;2
157712;2
157912;5
158032;5
158152;1
158175;1
158279;5
158412;1
158432;1
158516;1
158532;1
158572;5
158652;2
158672;2
158692;1
158774;3
158801;1
158813;1
158940;5
158953;2
159034;2
159132;5
159312;1
159532;2
159552;3
159572;5
159592;1
159832;1
159853;1
159872;1
159972;1
160012;2
160053;3
160072;5
160152;1
160192;5
160252;5
160272;2
160298;2
160353;1
160392;1
160393;1
160412;5
160512;5
160532;1
160632;5
160652;2
160732;1
160832;1
160872;1
160892;1
160912;1
161012;5
161032;1
161172;3
161252;2
161274;2
161392;1
161412;2
161413;2
161433;1
161472;2
161497;2
161512;1
161532;5
161734;2
161812;2
161832;1
161872;5
161914;5
161936;1
162055;2
162132;1
162332;5
162352;5
162412;3
162614;1
162872;5
162912;1
162952;5
163012;2
163112;1
163172;1
163192;1
163212;2
163272;5
163372;1
163532;1
163552;2
163672;1
163732;2
163753;5
163792;5
163812;5
163832;1
163852;1
163952;1
164012;5
164033;5
164053;2
164073;1
164213;3
164332;5
164492;1
164536;2
164592;5
164612;5
164652;2
164878;1
164893;5
165032;2
165072;2
165093;1
165132;1
165192;1
165232;5
165252;2
165452;2
165472;2
165532;2
165572;1
165612;5
165632;1
165634;5
165652;2
165656;3
165734;5
165752;2
165812;5
165933;1
165952;3
166012;1
166112;5
166132;5
166172;1
166252;1
166314;1
166352;3
166452;5
166453;5
166493;2
166494;2
166512;2
166552;1
166572;2
166595;3
166652;5
166692;5
166732;1
166792;1
166812;5
166872;5
166873;2
166892;1
166912;5
166972;1
166992;5
167052;1
167072;1
167172;5
167193;1
167232;5
167233;1
167252;5
167292;5
167353;2
167452;5
167692;5
167792;5
167932;2
167972;2
168033;1
168092;1
168112;1
168132;5
168192;2
168352;5
168492;5
168498;1
168592;2
168693;1
168772;1
168952;2
169112;2
169132;5
169192;5
169352;2
169392;5
169412;5
169433;1
169552;1
169592;1
169712;1
169752;1
169772;1
169774;1
169792;2
169812;5
169932;2
169972;5
169993;1
170012;5
170092;1
170172;2
170252;2
170312;2
170352;1
170372;1
170392;5
170432;1
170452;2
170472;2
170492;1
170692;5
170772;1
170814;1
170852;1
170872;1
170996;5
171115;1
171172;1
171372;1
171412;1
171452;5
171472;2
171473;2
171492;2
171512;1
171552;1
171572;1
171612;2
171653;5
171712;2
171772;1
171853;1
171912;2
171953;2
171972;5
171992;5
172012;1
172032;5
172052;1
172112;5
172132;2
172173;1
172174;1
172252;1
172312;3
172313;3
172352;1
172452;1
172472;5
172474;1
172612;1
172712;5
172732;5
172752;5
172753;5
172792;1
172812;5
172892;2
172893;2
172932;5
172952;2
172972;2
173012;1
173033;1
173052;2
173092;2
173132;2
173152;1
173212;1
173232;2
173272;2
173292;1
173332;2
173372;2
173452;1
173472;2
173492;2
173552;1
173592;1
173632;3
173772;5
173792;1
173812;1
173832;1
173852;2
173932;5
173992;1
174012;1
174072;5
174092;3
174313;2
174352;1
174372;1
174392;1
174412;5
174452;2
174492;1
174572;2
174573;1
174592;2
174692;2
174912;1
174952;3
175032;1
175094;1
175096;5
175097;5
175098;1
175099;2
175101;1
175102;1
175103;1
175104;2
175105;2
175106;5
175295;2
175312;5
175313;2
175336;1
175337;2
175338;5
175339;5
175340;5
175341;5
175342;5
175343;3
175347;5
175355;2
175357;1
175358;1
175359;3
175365;3
175366;1
175369;3
175371;1
175372;1
175373;1
175375;5
175377;1
175380;1
175382;1
175390;5
175392;1
175393;1
175394;1
175399;2
175400;2
175401;2
175402;2
175405;2
175417;2
175418;5
175423;2
175427;1
175433;2
175434;1
175436;2
175448;1
175449;1
175450;1
175451;1
175453;1
175454;1
175456;5
175460;1
175463;5
175464;5
175465;5
175466;5
175477;1
175478;1
175479;1
175481;1
175482;5
175483;1
175484;1
175485;1
175486;1
175489;2
175490;5
175491;5
175494;5
175495;1
175496;1
175498;1
175501;1
175505;1
175506;1
175509;1
175510;1
175512;1
175514;1
175518;1
175519;1
175521;1
175524;1
175526;1
175528;1
175529;1
175533;1
175535;1
175536;1
175539;1
175540;1
175542;1
175543;1
175544;1
175545;1
175546;1
175547;1
175550;1
175555;1
175557;1
175558;1
175559;1
175561;1
175562;1
175564;1
175565;1
175566;1
175567;1
175568;1
175569;1
175571;1
175572;1
175573;1
175574;1
175575;1
175576;1
175577;1
175578;1
175582;1
175583;1
175585;1
175602;1
175604;1
175608;1
175609;1
175610;1
175611;1
175614;1
175615;1
175616;1
175618;1
175622;1
175623;1
175625;1
175627;1
175628;1
175630;1
175631;1
175633;1
175637;1
175638;1
175639;1
175640;1
175641;1
175642;1
175643;1
175646;1
175649;1
175650;1
175651;1
175653;1
175654;1
175655;1
175658;1
175659;1
175661;1
175662;1
175663;1
175664;1
175668;1
175669;1
175671;1
175672;1
175673;1
175674;1
175676;1
175678;1
175679;1
175680;1
175691;1
175692;1
175694;2
175696;1
175730;2
175736;1
175742;2
175751;5
175758;5
175761;2
175764;5
175765;1
175766;3
175767;1
175768;5
175769;1
175770;1
175771;1
175772;1
175774;1
175775;1
175776;1
175777;1
175778;1
175779;1
175780;1
175781;1
175782;1
175783;1
175784;1
175785;1
175786;1
175787;1
175788;1
175789;1
175790;1
175791;1
175792;5
175793;1
175794;1
175795;1
175804;1
175805;1
175806;1
175807;1
175808;1
175809;1
175810;5
175811;1
175813;1
175814;1
175816;1
175817;1
175818;1
175819;1
175820;1
175821;1
175822;1
175823;1
175824;1
175825;1
175827;1
175832;1
175833;1
175834;1
175836;1
175837;1
175838;1
175847;1
175848;1
175850;1
175851;1
175853;1
175854;1
175855;1
175857;1
175858;1
175859;1
175860;1
175861;1
175862;1
175863;1
175864;1
175865;1
175866;1
175867;1
175871;1
175873;1
175874;1
175875;1
175876;1
175877;1
175879;1
175880;1
175881;1
175882;1
175883;5
175884;1
175887;1
175888;1
175891;1
175894;1
175896;5
175897;1
175899;5
175900;5
175904;1
175906;2
175910;3
175911;3
175912;5
175913;5
175914;3
175915;5
175921;1
175923;1
175928;5
175929;1
175931;1
175932;1
175933;1
175938;1
175942;1
175944;1
175945;1
175946;1
175949;1
175950;1
175951;1
175952;1
175953;1
175954;1
175955;1
175956;1
175957;1
175959;1
175961;1
175964;1
175967;1
175969;1
175970;1
175971;1
175974;1
175979;1
175980;5
175986;1
175987;1
175988;1
175989;1
175990;1
175991;1
175992;1
175993;1
175995;1
176002;1
176003;1
176005;1
176006;1
176007;1
176011;1
176012;1
176013;1
176014;1
176015;1
176016;1
176017;1
176018;1
176020;1
176021;1
176023;1
176024;1
176025;1
176026;1
176027;1
176031;1
176032;1
176033;1
176034;1
176035;1
176036;1
176037;1
176038;1
176040;1
176041;1
176042;1
176043;1
176044;1
176048;1
176049;1
176050;1
176051;1
176052;1
176053;1
176054;1
176055;1
176056;1
176057;1
176058;1
176059;1
176060;1
176061;1
176062;1
176063;1
176064;1
176065;1
176066;1
176067;1
176068;1
176070;1
176072;1
176073;2
176074;1
176075;1
176076;1
176077;1
176079;1
176080;2
176081;1
176083;1
176084;1
176085;1
176086;1
176087;1
176088;1
176089;1
176090;1
176091;1
176092;1
176097;1
176098;1
176099;1
176100;1
176101;1
176102;1
176103;1
176104;1
176105;1
176106;1
176107;5
176108;1
176109;1
176110;1
176111;1
176113;1
176114;1
176116;1
176117;1
176118;1
176119;1
176120;1
176125;5
176126;5
176129;2
176130;5
176133;5
176134;1
176135;1
176136;1
176137;5
176138;1
176140;1
176141;1
176189;1
176191;1
176199;1
176201;3
176202;1
176208;1
176209;5
176212;1
176215;5
176216;5
176221;1
176222;1
176226;1
176230;1
176232;2
176233;1
176236;1
176237;1
176238;1
176240;2
176241;1
176242;5
176243;5
176245;5
176246;5
176247;2
176250;1
176253;3
176254;5
176257;1
176259;1
176262;1
176263;1
176265;1
176266;1
176267;5
176268;1
176269;1
176270;1
176271;1
176273;1
176274;1
176275;1
176276;1
176277;1
176278;1
176279;1
176280;1
176281;1
176282;1
176283;1
176284;1
176287;1
176288;1
176289;1
176290;1
176294;1
176295;1
176296;1
176300;1
176301;1
176304;5
176305;1
176309;1
176310;1
176312;1
176317;3
176319;1
176322;5
176325;5
176326;1
176329;2
176330;1
176338;1
176340;1
176344;3
176345;3
176346;3
176347;2
176348;1
176349;3
176352;5
176353;1
176357;2
176358;2
176364;5
176366;5
176367;1
176368;1
176369;2
176370;5
176371;5
176372;5
176373;5
176374;5
176375;5
176376;5
176377;2
176379;1
176380;1
176383;1
176384;1
176385;1
176386;1
176387;1
176388;1
176389;1
176392;1
176393;1
176394;1
176395;1
176396;1
176397;1
176398;1
176399;1
176400;1
176401;1
176404;1
176405;1
176406;1
176407;1
176408;1
176409;1
176410;1
176411;1
176413;1
176414;1
176415;1
176416;1
176417;1
176418;1
176419;1
176420;1
176421;1
176422;1
176423;1
176424;1
176425;1
176426;1
176427;1
176428;1
176429;1
176430;1
176431;1
176432;1
176434;1
176435;1
176436;1
176437;1
176438;1
176439;1
176440;1
176445;1
176446;1
176447;1
176448;1
176453;5
176454;1
176456;1
176457;1
176458;1
176461;1
176462;1
176463;1
176464;1
176465;1
176466;1
176467;5
176469;1
176470;1
176471;1
176472;1
176473;1
176474;1
176479;1
176483;1
176493;1
176494;1
176502;1
176505;3
176510;5
176511;2
176512;1
176516;5
176523;1
176524;1
176525;1
176526;1
176527;1
176528;1
176529;1
176530;1
176531;1
176533;1
176534;1
176535;1
176536;1
176537;1
176540;1
176541;1
176542;1
176543;1
176544;1
176545;1
176550;1
176552;1
176554;1
176555;1
176556;1
176557;1
176558;1
176559;1
176560;1
176561;1
176562;1
176563;1
176564;1
176565;5
176570;2
176571;2
176572;1
176573;1
176574;1
176577;1
176578;1
176580;1
176581;1
176583;1
176584;1
176586;1
176587;1
176588;1
176589;1
176590;1
176591;1
176592;1
176593;1
176594;1
176595;1
176596;1
176597;1
176598;1
176599;1
176600;1
176601;1
176603;1
176604;1
176605;1
176606;1
176607;1
176608;1
176609;1
176611;1
176612;1
176613;5
176614;5
176615;5
176616;5
176617;5
176619;5
176621;1
176627;1
176628;1
176629;1
176630;1
176631;1
176632;1
176633;1
176640;3
176644;1
176645;1
176646;1
176647;1
176648;5
176649;1
176650;1
176652;2
176655;2
176657;1
176658;1
176659;1
176668;5
176672;5
176673;2
176674;5
176676;5
176681;2
176682;2
176683;2
176684;2
176685;2
176686;2
176687;2
176688;2
176689;2
176690;2
176691;2
176692;2
176693;2
176694;2
176695;2
176696;2
176697;2
176698;2
176702;2
176703;2
176704;2
176705;2
176706;2
176707;2
176708;2
176709;2
176710;2
176711;2
176712;2
176713;2
176714;2
176715;2
176716;2
176717;2
176718;2
176719;2
176720;2
176723;2
176724;2
176729;2
176730;2
176732;2
176733;2
176734;2
176735;2
176736;2
176737;2
176738;2
176739;2
176740;2
176741;2
176742;2
176743;2
176744;2
176745;2
176746;2
176747;2
176748;2
176749;2
176750;2
176752;2
176753;2
176754;2
176755;2
176756;2
176758;2
176759;2
176760;2
176761;2
176762;2
176768;1
176769;1
176772;1
176773;1
176774;1
176775;1
176776;1
176777;1
176778;5
176781;1
176788;1
176789;1
176793;1
176794;1
176795;1
176796;1
176798;1
176799;1
176800;1
176801;1
176802;1
176803;1
176804;1
176805;1
176806;1
176807;1
176808;1
176810;1
176811;1
176812;1
176813;1
176814;1
176815;1
176816;1
176818;1
176819;1
176820;1
176823;1
176825;1
176826;1
176828;1
176829;1
176830;1
176831;1
176832;1
176833;1
176834;1
176835;1
176836;1
176839;2
176841;2
176843;1
176846;2
176847;2
176851;1
176852;1
176853;1
176854;1
176856;1
176857;1
176858;1
176859;1
176860;1
176861;1
176862;1
176863;1
176864;1
176865;1
176866;1
176867;1
176868;1
176869;1
176870;1
176871;1
176872;1
176873;1
176874;1
176875;1
176876;1
176877;1
176878;1
176879;1
176880;1
176881;1
176882;1
176884;1
176885;1
176886;1
176887;1
176888;1
176889;1
176890;1
176891;1
176893;1
176894;1
176895;1
176896;1
176897;1
176898;1
176899;1
176900;1
176902;5
176903;1
176904;2
176910;1
176911;1
176912;1
176913;1
176915;1
176918;5
176924;1
176925;1
176926;1
176927;1
176928;1
176929;1
176930;1
176931;1
176932;1
176933;1
176934;1
176935;1
176936;1
176937;1
176938;1
176939;1
176940;1
176941;2
176942;2
176943;2
176944;2
176945;2
176946;2
176947;2
176948;2
176949;2
176950;2
176951;2
176952;2
176953;2
176954;2
176955;2
176956;2
176957;2
176958;2
176959;2
176960;2
176961;2
176962;2
176963;2
176964;2
176965;2
176966;2
176967;1
176968;2
176969;2
176970;2
176971;2
176972;2
176973;2
176974;2
176975;2
176976;2
176977;2
176978;2
176979;2
176980;2
176982;2
176983;2
176984;2
176990;3
176991;3
176992;3
176994;3
176995;3
176997;1
176998;1
176999;1
177000;1
177001;1
177002;1
177003;1
177004;1
177005;1
177006;2
177008;1
177009;1
177010;1
177011;1
177012;1
177013;1
177014;1
177017;1
177018;1
177019;1
177020;1
177021;1
177023;1
177024;1
177025;1
177026;1
177027;1
177028;1
177029;5
177030;2
177031;2
177032;1
177035;5
177040;2
177042;1
177043;1
177045;1
177046;1
177049;1
177050;1
177051;1
177053;1
177054;1
177058;1
177059;1
177060;1
177061;1
177062;1
177063;1
177065;1
177068;1
177071;1
177072;1
177073;1
177074;1
177076;1
177077;1
177078;1
177079;1
177080;1
177082;1
177085;1
177086;1
177088;5
177090;2
177091;2
177092;2
177093;2
177096;2
177097;2
177098;2
177099;2
177100;2
177101;2
177103;2
177104;2
177105;2
177106;2
177107;2
177108;2
177109;2
177110;2
177111;2
177112;2
177113;2
177114;2
177115;2
177116;2
177117;2
177118;2
177119;1
177120;1
177121;1
177122;1
177123;1
177124;1
177125;1
177126;1
177127;5
177128;1
177129;5
177130;5
177131;1
177132;1
177134;1
177135;1
177141;2
177143;2
177144;2
177148;5
177150;1
177151;1
177157;1
177158;1
177159;1
177160;5
177161;5
177162;5
177163;5
177164;5
177165;5
177166;5
177167;5
177168;5
177169;5
177170;5
177171;5
177172;5
177173;5
177174;5
177175;5
177176;5
177177;5
177178;5
177179;5
177180;5
177181;5
177182;5
177183;5
177184;5
177185;5
177186;5
177187;5
177188;5
177189;5
177190;5
177191;5
177192;5
177193;5
177194;5
177195;5
177196;5
177197;5
177198;5
177199;5
177200;5
177201;5
177202;1
177203;1
177204;1
177205;1
177206;1
177207;1
177208;1
177209;1
177210;1
177216;1
177217;1
177218;1
177219;1
177220;1
177221;1
177222;1
177223;1
177224;1
177225;1
177226;1
177227;1
177228;1
177237;1
177239;1
177240;1
177242;1
177243;1
177244;1
177252;1
177259;2
177260;2
177261;5
177262;1
177263;2
177264;2
177268;2
177270;1
177273;1
177274;2
177277;2
177278;1
177279;1
177280;1
177281;1
177282;5
177285;5
177289;2
177290;2
177291;2
177292;2
177293;2
177294;5
177295;5
177296;3
177297;3
177301;1
177302;1
177303;3
177304;1
177307;1
177308;1
177311;2
177313;5
177314;5
177316;1
177317;1
177318;1
177319;1
177320;1
177322;1
177323;1
177324;1
177325;1
177326;1
177327;1
177328;1
177329;1
177331;3
177332;3
177333;3
177335;3
177340;1
177341;1
177342;5
177345;5
177346;1
177347;1
177348;1
177349;1
177350;1
177351;1
177355;5
177356;5
177357;5
177358;2
177359;5
177360;2
177361;2
177362;1
177363;1
177369;2
177370;2
177372;1
177376;5
177377;5
177380;1
177381;2
177382;2
177383;5
177384;2
177386;5
177387;2
177388;1
177391;2
177392;5
177393;5
177394;5
177395;1
177398;1
177399;5
177400;5
177401;5
177402;5
177403;1
177404;1
177405;5
177406;5
177407;5
177408;5
177409;5
177410;1
177411;1
177413;1
177416;1
177417;1
177418;1
177420;5
177426;1
177429;2
177430;1
177431;1
177432;1
177433;1
177436;2
177437;1
177438;2
177441;2
177442;5
177443;5
177446;2
177447;2
177453;5
177454;5
177455;5
177456;5
177457;5
177458;5
177459;5
177462;5
177463;5
177465;5
177468;3
177469;1
177475;1
177476;1
177477;5
177478;5
177479;5
177481;2
177482;5
177483;5
177485;2
177486;2
177487;5
177488;2
177489;2
177490;2
177491;2
177492;5
177494;5
177495;5
177496;5
177497;5
177498;1
177501;5
177504;1
177505;5
177506;1
177511;5
177512;1
177521;1
177522;1
177524;1
177525;1
177527;1
177529;1
177532;1
177549;1
177564;1
177565;1
177687;1
177691;1
177692;1
177693;1
177694;1
177696;1
177698;1
177699;1
177700;1
177701;1
177702;1
177705;1
177706;1
177708;1
177709;1
177710;1
177711;1
177712;1
177715;1
177778;1
177779;1
177780;1
177781;1
177782;1
177783;1
177784;1
177785;1
177786;1
177787;1
177788;1
177789;1
177790;1
177809;1
177810;1
177816;1
177817;1
177818;1
177819;1
177820;1
177821;1
177822;1
177823;1
177824;1
177825;1
177826;1
177827;1
177828;1
177831;1
177832;1
177833;1
177844;1
177850;1
177851;1
177852;1
177853;1
177854;1
177855;1
177856;1
177857;1
177858;1
177860;1
177861;1
177862;1
177864;1
177865;1
177867;5
177868;1
177869;1
177870;1
177872;1
177873;1
177874;1
177875;1
177876;1
177877;1
177879;1
177880;1
177883;1
177896;1
177897;1
177899;1
177908;1
177909;1
177910;1
177911;1
177912;1
177913;1
177914;1
177921;1
177923;1
177924;1
177925;1
177926;1
177927;1
177928;1
177929;1
177930;1
177931;1
177932;1
177933;1
177934;1
177935;1
177939;1
177941;1
177942;1
177944;1
177945;1
177947;1
177950;1
177953;1
177954;1
177957;1
177958;1
177959;1
177960;1
177962;1
177963;1
177965;1
177968;1
177970;1
177972;1
177975;1
177977;1
177979;1
177980;1
177985;1
177988;1
177990;1
177996;1
177998;1
178003;1
178004;1
178007;1
178008;1
178009;1
178012;1
178018;1
178020;1
178023;1
178024;1
178026;1
178028;1
178030;1
178031;1
178032;1
178033;1
178034;1
178035;1
178036;1
178037;1
178038;1
178039;1
178040;1
178041;1
178042;1
178043;1
178044;5
178045;1
178050;1
178051;1
178053;1
178055;1
178056;1
178057;1
178058;1
178059;2
178066;1
178067;1
178068;1
178069;1
178070;1
178071;1
178077;1
178078;1
178079;1
178080;1
178081;1
178082;1
178083;1
178084;1
178085;1
178086;1
178087;1
178088;1
178089;1
178091;1
178092;1
178093;1
178094;1
178095;1
178098;1
178099;5
178100;1
178102;1
178103;1
178104;5
178105;5
178106;5
178107;1
178108;1
178110;1
178111;1
178112;1
178113;1
178114;1
178115;1
178116;1
178117;1
178120;1
178121;1
178122;1
178124;1
178125;1
178126;1
178127;1
178130;1
178131;1
178132;1
178133;1
178134;1
178135;1
178136;1
178137;1
178138;1
178139;1
178140;1
178142;1
178143;1
178144;1
178145;1
178147;1
178148;1
178149;1
178150;1
178151;1
178152;1
178153;1
178154;1
178155;1
178156;1
178157;1
178158;1
178159;1
178160;1
178162;1
178163;1
178164;1
178165;1
178166;1
178167;1
178168;1
178169;1
178171;1
178172;1
178173;1
178174;1
178175;5
178177;1
178178;1
178179;1
178180;1
178181;1
178183;1
178184;1
178185;1
178186;1
178187;1
178188;1
178189;1
178191;1
178192;1
178193;1
178194;1
178195;1
178196;1
178197;1
178198;1
178199;1
178200;1
178201;1
178202;1
178204;1
178205;1
178206;1
178207;1
178209;1
178217;1
178218;1
178219;1
178220;1
178221;1
178222;1
178223;1
178224;1
178225;1
178226;1
178227;1
178228;1
178229;1
178231;1
178232;1
178235;1
178236;1
178237;1
178238;1
178239;1
178240;1
178241;1
178242;1
178243;1
178245;1
178246;1
178247;1
178248;1
178249;1
178250;1
178251;1
178252;1
178253;1
178254;1
178255;1
178256;1
178257;1
178258;1
178259;1
178260;1
178261;1
178262;1
178263;1
178264;1
178265;1
178266;1
178267;1
178268;1
178269;1
178270;1
178271;1
178272;1
178275;1
178276;1
178277;1
178278;1
178281;1
178284;1
178285;1
178286;1
178287;1
178290;3
178291;1
178292;1
178293;5
178294;2
178296;1
178297;1
178298;1
178299;1
178301;1
178303;1
178304;1
178305;1
178306;1
178309;1
178310;1
178312;1
178313;1
178314;1
178315;1
178316;1
178317;1
178318;1
178319;1
178320;1
178321;1
178322;1
178325;1
178326;1
178327;1
178328;1
178329;1
178330;1
178331;1
178332;1
178333;1
178335;1
178338;1
178339;1
178340;1
178341;1
178342;1
178343;1
178344;1
178345;1
178347;1
178348;2
178352;2
178356;1
178362;1
178363;1
178364;1
178365;1
178366;1
178367;1
178368;1
178369;1
178370;1
178371;1
178372;1
178373;1
178374;1
178375;1
178376;1
178377;1
178378;1
178379;1
178380;1
178381;1
178382;1
178383;1
178384;1
178385;1
178386;1
178387;1
178388;1
178389;1
178390;1
178391;1
178392;1
178393;1
178394;1
178395;1
178396;1
178397;1
178398;1
178400;1
178401;1
178402;1
178403;1
178405;1
178406;1
178407;1
178408;1
178409;1
178410;1
178411;1
178412;1
178414;1
178415;1
178416;1
178417;1
178418;1
178419;1
178420;1
178421;1
178422;1
178423;1
178425;1
178427;1
178428;1
178432;1
178433;1
178434;1
178435;1
178436;1
178437;1
178438;1
178439;1
178440;1
178441;1
178442;1
178443;1
178444;1
178450;1
178451;1
178452;1
178453;1
178455;1
178456;1
178461;1
178462;1
178467;1
178468;1
178469;1
178470;1
178471;1
178472;1
178475;1
178476;1
178480;1
178481;1
178482;1
178483;1
178484;1
178486;1
178488;1
178489;1
178490;1
178491;1
178492;1
178493;1
178494;1
178495;1
178496;1
178497;1
178498;1
178499;1
178501;1
178502;1
178503;1
178504;1
178505;1
178506;2
178507;2
178508;1
178509;1
178510;1
178511;1
178512;1
178513;1
178514;1
178515;1
178516;1
178517;1
178518;1
178519;1
178520;1
178521;1
178522;1
178523;1
178524;1
178525;1
178526;1
178527;1
178528;1
178529;1
178530;1
178531;1
178532;1
178533;1
178534;1
178535;1
178536;1
178537;1
178538;1
178540;1
178541;1
178542;1
178543;1
178544;1
178545;1
178546;1
178547;1
178548;1
178549;1
178550;1
178551;1
178552;1
178554;1
178555;1
178556;1
178558;1
178559;1
178560;1
178562;1
178563;1
178564;1
178565;1
178567;1
178568;1
178570;5
178571;5
178575;1
178577;1
178578;1
178579;1
178580;1
178581;1
178582;1
178585;1
178586;1
178587;1
178588;1
178590;1
178591;1
178594;1
178597;5
178598;5
178600;1
178601;1
178602;1
178603;1
178604;1
178605;1
178606;1
178607;1
178608;1
178609;1
178610;1
178611;1
178614;1
178615;1
178616;1
178617;1
178618;1
178619;1
178620;5
178621;5
178622;5
178624;1
178625;1
178626;1
178627;1
178628;1
178629;1
178630;1
178631;1
178632;1
178633;1
178634;1
178635;1
178636;1
178637;1
178638;1
178639;1
178640;1
178641;1
178642;1
178643;1
178644;1
178645;1
178646;1
178647;1
178648;1
178649;1
178650;1
178651;1
178652;5
178653;1
178654;1
178655;1
178656;1
178657;1
178659;1
178660;1
178661;1
178662;1
178663;1
178664;1
178665;1
178666;1
178667;1
178668;1
178670;1
178671;1
178673;1
178674;1
178675;1
178676;1
178677;1
178678;1
178679;1
178680;1
178681;1
178686;1
178687;3
178690;1
178691;1
178692;1
178693;1
178694;1
178695;1
178696;1
178697;1
178698;1
178699;1
178700;1
178701;1
178705;1
178706;1
178707;1
178708;1
178709;1
178714;5
178715;5
178716;1
178718;1
178719;1
178720;1
178721;1
178722;1
178723;1
178724;1
178725;5
178726;1
178727;1
178728;1
178729;1
178730;1
178731;1
178732;1
178735;1
178736;1
178737;1
178738;1
178739;1
178742;1
178743;1
178744;1
178745;1
178746;1
178747;1
178749;1
178750;1
178758;5
178759;5
178760;5
178763;5
178764;5
178765;5
178766;5
178767;5
178768;1
178769;1
178771;1
178772;1
178774;1
178775;1
178777;1
178778;1
178782;1
178785;1
178786;1
178793;1
178794;1
178798;1
178800;1
178808;1
178809;1
178810;1
178811;1
178813;1
178814;1
178826;1
178827;1
178828;1
178829;1
178830;1
178832;1
178833;1
178837;1
178838;1
178840;1
178842;1
178845;1
178846;1
178850;1
178857;1
178863;1
178864;1
178865;1
178872;1
178875;1
178876;1
178877;1
178878;1
178881;1
178883;1
178884;1
178885;1
178889;1
178890;1
178893;1
178895;1
178896;1
178898;1
178907;1
178908;1
178912;1
178914;1
178915;1
178916;1
178918;1
178923;1
178924;1
178925;5
178927;1
178928;1
178930;1
178931;1
178932;1
178934;5
178935;1
178936;1
178938;1
178940;1
178941;1
178944;5
178945;5
178946;5
178948;1
178949;1
178952;5
178956;1
178958;1
178961;2
178962;5
178963;3
178964;3
178965;3
178966;3
178967;2
178972;5
178973;5
178975;1
178977;1
178980;5
178984;2
178985;2
178989;1
178992;2
178994;5
178995;5
178996;2
178997;2
179000;2
179002;1
179003;1
179007;2
179010;1
179011;1
179012;1
179018;1
179019;1
179020;1
179021;5
179022;5
179023;1
179024;1
179028;1
179029;5
179030;1
179031;1
179033;1
179036;1
179038;1
179040;1
179041;5
179043;5
179046;1
179048;5
179049;1
179050;1
179058;2
179060;2
179063;1
179065;5
179066;1
179067;1
179068;1
179069;1
179074;2
179075;1
179076;5
179077;1
179078;1
179079;1
179080;1
179081;1
179082;1
179083;1
179084;1
179086;1
179090;2
179091;2
179093;1
179094;1
179095;5
179098;5
179103;1
179104;1
179105;2
179109;1
179110;1
179112;1
179113;1
179114;1
179115;1
179116;1
179117;5
179120;5
179121;5
179123;1
179124;2
179125;1
179127;1
179128;1
179129;5
179136;3
179137;3
179138;3
179142;1
179143;1
179145;1
179146;1
179148;1
179149;1
179150;2
179151;2
179153;1
179154;5
179155;5
179156;1
179158;5
179159;1
179160;5
179161;5
179163;1
179164;1
179167;1
179170;1
179171;1
179173;5
179174;5
179177;1
179178;5
179179;1
179180;5
179181;1
179182;1
179183;5
179187;5
179188;2
179190;5
179192;5
179195;1
179199;3
179200;5
179201;1
179202;1
179203;5
179209;3
179210;3
179212;3
179219;2
179220;2
179221;2
179224;1
179226;2
179227;1
179228;2
179229;2
179230;2
179231;5
179232;2
179233;2
179235;1
179236;2
179237;2
179238;2
179239;2
179240;5
179241;5
179242;5
179245;2
179247;3
179248;5
179249;5
179250;1
179251;1
179252;2
179257;5
179258;1
179260;2
179261;1
179262;1
179263;2
179264;2
179266;1
179267;5
179268;5
179277;1
179279;3
179280;3
179281;3
179282;3
179283;2
179284;2
179285;2
179286;2
179288;2
179289;1
179290;1
179292;1
179294;3
179296;1
179298;5
179299;5
179300;2
179301;2
179303;1
179304;1
179305;1
179307;1
179310;2
179311;5
179315;1
179316;1
179317;3
179318;2
179319;2
179325;5
179326;2
179329;1
179333;1
179336;2
179338;1
179340;1
179343;1
179346;1
179347;1
179348;1
179350;1
179351;1
179352;1
179353;5
179354;5
179355;5
179356;5
179357;1
179358;1
179359;1
179360;5
179362;1
179363;1
179364;1
179365;1
179368;1
179369;5
179370;1
179371;1
179372;1
179373;1
179374;1
179376;1
179377;1
179378;1
179380;1
179381;1
179382;1
179394;1
179395;1
179396;5
179397;1
179398;1
179399;1
179400;1
179401;1
179402;1
179403;1
179404;1
179405;1
179407;1
179408;1
179409;1
179410;1
179411;1
179412;1
179413;1
179418;1
179419;2
179420;1
179421;1
179423;1
179424;1
179425;1
179426;1
179427;1
179429;1
179433;1
179434;1
179435;1
179436;1
179437;1
179438;1
179439;1
179440;1
179442;1
179443;1
179445;1
179448;1
179449;1
179450;5
179451;1
179452;1
179453;1
179455;1
179456;1
179457;1
179458;1
179459;2
179460;1
179461;1
179462;1
179463;1
179464;1
179465;1
179466;1
179467;1
179468;1
179470;1
179471;1
179476;1
179477;1
179478;1
179479;1
179480;1
179481;1
179482;1
179483;1
179485;1
179486;1
179488;1
179489;1
179491;1
179493;1
179496;1
179497;1
179498;2
179500;1
179502;1
179506;1
179508;2
179511;1
179512;1
179513;1
179528;3
179531;1
179532;2
179533;1
179534;1
179538;1
179539;1
179548;2
179558;1
179559;1
179560;1
179571;1
179572;1
179573;1
179574;1
179575;1
179576;1
179583;2
179587;3
179591;1
179593;1
179594;1
179595;5
179596;1
179598;1
179601;1
179602;1
179603;1
179604;1
179605;1
179606;1
179609;1
179610;1
179612;1
179613;1
179624;5
179626;3
179627;3
179640;3
179641;3
179642;3
179643;3
179644;3
179645;3
179646;3
179647;3
179662;5
179663;3
179667;3
179668;3
179669;3
179671;1
179672;1
179673;1
179674;1
179675;1
179676;1
179679;5
179680;5
179681;5
179682;5
179683;5
179684;5
179685;5
179686;5
179687;5
179688;5
179689;5
179690;5
179691;5
179692;5
179693;5
179694;5
179695;5
179696;5
179697;5
179699;5
179700;3
179701;3
179702;3
179703;3
179704;3
179705;3
179706;3
179709;3
179710;3
179711;3
179712;3
179713;3
179714;3
179715;3
179716;3
179717;3
179718;3
179719;3
179720;3
179722;1
179723;1
179724;1
179725;1
179731;1
179733;1
179734;1
179737;1
179738;1
179739;3
179742;1
179744;1
179745;1
179746;5
179749;3
179750;3
179751;3
179752;3
179753;3
179755;3
179756;3
179757;3
179758;3
179760;3
179761;3
179762;3
179763;3
179764;3
179765;3
179766;3
179767;3
179768;3
179769;3
179770;3
179771;3
179774;3
179775;3
179777;3
179778;3
179779;3
179780;3
179781;3
179782;3
179783;3
179784;5
179786;3
179787;3
179788;3
179789;3
179790;3
179791;3
179793;1
179794;1
179795;1
179796;1
179797;1
179798;5
179800;1
179801;5
179806;3
179807;3
179808;5
179809;3
179811;3
179812;3
179816;5
179818;3
179820;3
179821;3
179822;3
179823;3
179824;3
179825;3
179827;3
179828;3
179830;3
179831;3
179832;5
179833;5
179834;5
179835;5
179836;5
179838;5
179839;5
179840;5
179841;5
179842;5
179843;5
179844;5
179845;3
179846;3
179847;3
179849;3
179850;3
179851;3
179852;3
179853;3
179854;3
179855;3
179856;3
179857;3
179858;3
179859;3
179860;3
179861;5
179862;2
179864;5
179868;5
179869;3
179870;3
179872;3
179873;3
179874;3
179875;3
179876;3
179877;3
179878;3
179880;3
179881;3
179882;3
179884;5
179885;3
179886;3
179887;3
179888;3
179889;3
179890;3
179891;3
179892;3
179893;3
179894;3
179895;3
179896;3
179897;3
179898;3
179899;3
179900;3
179901;3
179902;3
179903;3
179904;3
179905;3
179906;3
179908;3
179909;3
179910;3
179911;5
179912;3
179913;5
179914;3
179915;3
179916;3
179917;3
179918;3
179921;1
179927;2
179929;5
179931;1
179934;1
179935;2
179936;2
179938;5
179944;5
179945;2
179948;5
179955;1
179956;3
179957;3
179958;3
179959;3
179960;3
179961;3
179962;3
179963;3
179964;3
179965;3
179966;3
179967;3
179968;3
179970;3
179971;3
179972;3
179973;3
179974;3
179975;3
179976;3
179977;3
179978;3
179979;3
179980;3
179981;3
179982;3
179983;3
179984;5
179985;3
179986;5
179987;3
179988;3
179989;3
179990;3
179991;3
179992;3
179993;5
179994;3
179995;3
179996;3
179997;3
179998;3
180000;1
180002;1
180004;1
180007;2
180012;3
180013;3
180014;3
180015;3
180016;1
180023;1
180027;2
180028;1
180032;3
180033;1
180035;1
180038;2
180040;1
180041;1
180042;1
180043;1
180044;1
180045;1
180046;1
180047;1
180048;1
180049;1
180050;5
180051;1
180052;1
180053;1
180054;1
180055;1
180056;1
180057;1
180058;1
180060;1
180063;1
180065;5
180068;1
180069;1
180070;5
180071;1
180072;1
180073;1
180077;5
180081;5
180090;1
180092;1
180093;1
180094;1
180097;1
180099;1
180100;1
180101;5
180103;5
180104;5
180105;5
180106;5
180107;5
180110;1
180113;2
180116;2
180117;2
180118;1
180119;5
180120;5
180121;5
180122;5
180124;5
180125;1
180127;1
180128;5
180129;5
180131;1
180133;2
180134;2
180135;2
180138;1
180139;1
180140;1
180141;1
180143;1
180146;2
180148;1
180149;3
180150;1
180151;1
180152;1
180153;1
180155;5
180156;1
180159;3
180161;2
180162;1
180163;1
180164;1
180167;5
180168;1
180173;2
180174;5
180178;2
180179;2
180181;1
180183;1
180184;1
180185;1
180187;1
180188;5
180189;2
180192;2
180193;5
180194;1
180198;1
180200;2
180201;1
180202;1
180203;1
180204;1
180205;1
180206;1
180207;1
180209;1
180211;1
180212;2
180213;5
180214;5
180215;5
180219;1
180220;1
180223;1
180224;1
180225;5
180227;5
180231;2
180232;5
180233;1
180234;2
180238;1
180240;1
180241;5
180242;5
180243;1
180249;5
180251;1
180252;2
180253;5
180256;5
180257;2
180258;2
180261;1
180262;1
180263;5
180265;1
180266;1
180267;1
180268;1
180269;5
180275;5
180276;1
180277;2
180284;5
180285;2
180287;2
180289;5
180291;5
180294;1
180296;1
180298;1
180299;2
180300;2
180302;2
180306;1
180309;1
180311;5
180312;1
180317;1
180319;1
180321;1
180322;1
180323;5
180327;5
180328;2
180329;5
180330;1
180331;1
180332;1
180333;1
180334;5
180335;1
180336;1
180337;1
180338;1
180339;2
180340;2
180341;1
180343;1
180345;1
180346;1
180347;1
180348;5
180349;2
180350;3
180351;1
180352;1
180353;1
180355;1
180357;1
180359;1
180360;1
180361;1
180362;5
180363;2
180364;1
180365;1
180367;1
180368;5
180369;5
180371;1
180372;3
180373;3
180374;5
180375;1
180376;5
180377;2
180378;1
180380;1
180382;5
180383;1
180384;5
180385;2
180387;5
180390;5
180391;1
180392;5
180401;1
180405;2
180406;2
180407;2
180408;2
180409;2
180410;1
180414;1
180418;2
180419;2
180420;2
180421;2
180422;1
180423;1
180427;1
180428;1
180430;2
180431;2
180434;5
180435;2
180437;1
180439;5
180440;2
180441;5
180448;1
180449;1
180452;1
180453;1
180454;1
180455;1
180456;1
180457;1
180458;1
180459;1
180462;1
180463;1
180464;1
180468;1
180469;1
180483;1
180484;2
180485;1
180486;5
180487;5
180489;5
180490;5
180491;1
180492;2
180495;1
180496;5
180501;1
180502;1
180503;1
180504;5
180505;5
180507;1
180509;5
180510;5
180511;5
180512;5
180513;5
180514;5
180516;5
180517;5
180520;1
180521;1
180522;1
180523;1
180524;1
180525;1
180526;1
180527;1
180528;1
180529;1
180531;1
180532;1
180533;1
180534;1
180535;1
180539;1
180540;1
180541;1
180542;1
180545;1
180546;1
180548;2
180551;1
180552;1
180555;1
180557;5
180561;1
180564;1
180565;5
180569;2
180570;2
180581;5
180583;5
180588;2
180589;2
180590;1
180591;1
180592;1
180593;1
180594;1
180595;1
180599;5
180602;1
180603;5
180604;5
180605;1
180607;5
180608;1
180609;1
180610;1
180612;1
180613;1
180615;1
180616;1
180617;1
180620;1
180622;1
180623;5
180624;5
180625;1
180626;5
180627;5
180628;1
180629;1
180630;1
180631;1
180632;5
180633;2
180634;5
180635;5
180636;2
180637;2
180638;1
180639;1
180640;5
180641;5
180642;5
180643;2
180644;1
180646;1
180651;1
180652;2
180653;1
180654;1
180655;1
180656;1
180657;5
180658;1
180659;1
180661;1
180662;1
180663;1
180665;5
180667;5
180670;1
180671;2
180672;5
180673;2
180674;2
180675;1
180676;1
180678;5
180679;5
180682;1
180685;3
180686;3
180687;5
180688;3
180689;3
180691;5
180693;1
180696;1
180697;3
180698;3
180699;3
180700;5
180701;5
180702;5
180703;5
180704;5
180705;5
180706;5
180708;1
180709;1
180711;2
180712;2
180714;1
180724;1
180725;1
180726;2
180727;2
180728;2
180729;2
180730;2
180731;2
180733;2
180734;2
180735;2
180736;2
180737;2
180738;2
180739;2
180741;2
180742;5
180743;5
180744;5
180745;5
180759;1
180760;5
180762;1
180764;1
180766;2
180769;5
180770;5
180772;1
180773;2
180774;2
180775;2
180776;2
180779;1
180780;1
180781;1
180782;2
180783;1
180787;5
180788;3
180790;3
180791;3
180793;1
180795;1
180796;1
180797;1
180798;1
180799;1
180800;1
180801;2
180802;2
180803;5
180805;3
180811;2
180815;1
180816;1
180817;1
180820;1
180823;1
180825;1
180826;1
180833;2
180834;1
180835;1
180836;5
180837;2
180838;1
180839;1
180840;1
180841;1
180842;2
180844;1
180845;2
180847;5
180849;3
180850;1
180851;1
180852;1
180853;1
180854;1
180855;1
180856;5
180858;5
180859;5
180865;1
180867;5
180868;2
180869;1
180872;1
180873;1
180874;2
180875;2
180882;1
180885;3
180886;2
180887;2
180889;5
180890;3
180893;1
180894;1
180896;5
180909;1
180910;1
180911;3
180912;2
180913;2
180915;5
180920;5
180921;3
180922;5
180923;3
180925;5
180926;5
180929;3
180935;1
180936;1
180937;1
180938;1
180939;5
180940;1
180941;2
180942;1
180946;5
180968;1
180969;3
180972;1
180973;1
180974;1
180975;1
180976;1
180981;1
180982;1
180984;3
180985;2
180986;5
180987;5
180988;2
180991;2
180992;1
180993;1
180994;1
180995;1
180997;1
180999;5
181000;5
181001;5
181003;1
181004;1
181006;1
181007;1
181008;1
181011;5
181027;1
181031;1
181034;1
181036;3
181037;5
181038;5
181039;2
181040;2
181043;1
181051;5
181054;1
181055;1
181056;1
181057;1
181058;1
181059;1
181061;5
181062;1
181063;1
181065;5
181066;5
181068;1
181070;1
181072;1
181073;1
181075;1
181076;2
181078;1
181079;2
181084;1
181085;1
181086;1
181087;1
181088;1
181089;1
181096;1
181097;1
181098;1
181099;1
181100;1
181103;1
181104;1
181105;1
181106;5
181107;1
181108;1
181109;1
181110;1
181111;1
181112;1
181113;2
181114;2
181115;2
181117;1
181119;5
181123;1
181124;1
181125;1
181126;1
181135;1
181136;1
181137;1
181138;1
181139;1
181140;1
181141;1
181144;1
181148;5
181149;5
181150;1
181151;5
181156;1
181157;1
181167;3
181168;1
181169;1
181171;5
181173;5
181174;5
181176;2
181177;1
181178;1
181179;1
181180;5
181183;2
181184;1
181185;1
181186;5
181187;2
181190;2
181191;2
181192;2
181193;2
181194;1
181195;1
181196;2
181197;1
181198;5
181199;1
181200;1
181201;1
181202;1
181203;1
181204;5
181205;5
181208;2
181209;5
181210;1
181215;1
181216;2
181217;5
181218;1
181219;1
181220;1
181221;1
181222;2
181223;2
181234;2
181240;5
181241;5
181244;1
181245;1
181246;1
181248;5
181249;5
181250;5
181251;2
181252;5
181255;1
181256;1
181257;1
181259;5
181260;2
181262;5
181263;5
181264;5
181266;2
181267;2
181268;2
181269;2
181270;2
181271;1
181272;1
181273;1
181280;1
181282;1
181283;1
181284;1
181285;5
181287;2
181288;2
181289;2
181290;2
181291;2
181292;5
181293;1
181294;1
181295;1
181296;1
181297;1
181298;2
181299;2
181301;1
181303;1
181304;1
181305;1
181306;1
181307;1
181308;5
181317;1
181320;2
181323;1
181324;1
181326;1
181327;2
181328;2
181329;1
181330;2
181331;5
181332;5
181333;3
181334;3
181335;2
181336;2
181337;2
181338;5
181339;2
181342;1
181346;3
181348;1
181349;1
181350;5
181351;3
181355;1
181358;5
181360;1
181361;1
181362;2
181363;1
181365;2
181369;5
181370;3
181371;3
181372;2
181373;1
181374;5
181375;5
181376;1
181377;1
181380;2
181382;1
181383;1
181384;1
181386;1
181387;1
181388;1
181389;1
181390;1
181391;1
181392;1
181399;3
181400;3
181401;1
181402;1
181403;1
181404;1
181405;1
181406;1
181407;1
181411;2
181412;2
181414;5
181415;2
181416;2
181417;1
181420;2
181424;2
181425;2
181426;1
181427;1
181428;1
181429;1
181430;1
181431;1
181432;1
181437;1
181444;2
181445;2
181446;1
181447;2
181448;1
181449;2
181450;2
181451;2
181452;5
181456;3
181457;2
181458;2
181462;1
181463;1
181464;5
181467;5
181469;3
181470;5
181479;1
181480;1
181486;1
181487;1
181488;1
181490;1
181492;1
181497;5
181506;2
181507;5
181508;2
181509;2
181511;2
181512;2
181513;5
181515;2
181516;1
181518;5
181519;2
181521;2
181523;2
181524;5
181525;2
181526;5
181527;2
181529;5
181530;5
181531;1
181536;5
181537;5
181538;2
181539;2
181548;2
181549;2
181550;5
181551;5
181553;5
181556;1
181557;5
181558;5
181571;2
181572;5
181573;5
181575;5
181576;5
181577;5
181578;5
181579;5
181580;1
181581;3
181582;2
181583;2
181584;2
181585;2
181586;2
181587;3
181589;5
181590;5
181591;3
181592;3
181593;1
181594;1
181596;1
181597;1
181598;5
181600;2
181603;2
181604;1
181605;1
181606;1
181607;1
181614;2
181615;2
181616;5
181617;1
181618;1
181619;5
181620;3
181621;1
181622;5
181623;1
181624;1
181625;3
181626;3
181627;2
181628;1
181632;2
181633;2
181634;5
181636;1
181637;1
181638;5
181639;5
181640;3
181646;1
181649;5
181650;1
181651;1
181652;1
181654;5
181655;1
181656;1
181657;1
181658;1
181659;1
181660;1
181661;1
181662;2
181663;2
181664;2
181665;2
181666;5
181668;1
181669;1
181670;1
181673;2
181674;3
181675;5
181676;1
181677;1
181685;2
181686;2
181688;2
181693;1
181694;5
181695;5
181696;5
181699;2
181700;2
181701;1
181702;1
181703;1
181704;1
181705;2
181706;2
181708;1
181709;2
181710;2
181712;1
181715;5
181716;1
181717;5
181718;1
181720;1
181721;2
181722;2
181723;2
181724;2
181725;1
181728;1
181729;1
181730;1
181731;1
181732;1
181733;1
181736;1
181737;2
181738;2
181740;2
181741;2
181742;5
181743;5
181744;5
181745;2
181748;2
181749;2
181750;1
181751;1
181752;1
181753;1
181754;1
181755;5
181756;5
181759;1
181760;1
181761;1
181762;2
181763;2
181764;2
181765;5
181766;5
181767;5
181768;5
181769;5
181771;1
181772;2
181773;5
181774;1
181775;2
181776;2
181778;5
181779;2
181780;5
181781;2
181784;5
181787;5
181788;1
181789;1
181791;2
181792;2
181793;2
181794;2
181795;5
181796;5
181797;2
181798;1
181799;1
181800;1
181802;1
181803;1
181804;3
181805;2
181806;1
181807;2
181808;5
181817;1
181818;1
181819;1
181820;1
181821;1
181822;1
181823;5
181824;5
181825;5
181826;5
181827;1
181828;2
181829;5
181831;2
181832;5
181833;5
181835;2
181836;2
181837;2
181838;2
181839;2
181840;2
181842;1
181843;1
181844;1
181846;2
181847;3
181849;2
181850;2
181851;2
181853;5
181854;5
181863;3
181864;3
181865;1
181866;2
181869;1
181870;1
181871;2
181872;1
181874;1
181875;1
181876;1
181877;1
181886;5
181888;3
181890;1
181891;1
181892;1
181893;2
181894;1
181895;2
181896;2
181897;2
181898;2
181899;2
181900;2
181901;5
181902;5
181903;2
181904;2
181905;5
181909;2
181910;1
181911;1
181913;2
181914;2
181918;5
181919;5
181920;1
181921;1
181922;5
181923;1
181924;1
181925;1
181926;1
181927;1
181928;1
181931;3
181932;3
181933;5
181934;5
181935;1
181938;5
181939;5
181940;5
181942;5
181944;5
181945;5
181946;2
181947;1
181948;1
181949;1
181951;2
181952;2
181954;1
181957;1
181960;1
181961;1
181962;1
181963;1
181964;1
181965;1
181966;1
181967;1
181968;1
181969;1
181970;1
181971;1
181972;1
181973;1
181974;1
181975;1
181976;1
181981;1
181983;1
181984;1
181985;1
181986;1
181987;1
181988;1
181989;2
181990;5
181991;1
181992;1
181993;1
181994;1
181995;1
181997;1
181998;3
181999;3
182001;5
182002;5
182006;1
182007;1
182008;5
182009;5
182011;2
182012;1
182013;1
182015;1
182017;1
182018;2
182019;1
182020;5
182021;5
182022;5
182023;1
182024;5
182025;5
182026;1
182027;2
182031;2
182032;2
182033;2
182034;1
182035;1
182036;2
182038;2
182039;5
182043;1
182044;1
182045;5
182046;1
182047;1
182049;5
182050;1
182051;1
182052;5
182054;5
182055;5
182057;5
182058;2
182059;5
182061;5
182063;5
182064;5
182065;2
182066;5
182067;2
182068;5
182069;5
182071;2
182073;1
182074;1
182075;1
182077;5
182078;5
182079;5
182080;1
182082;2
182083;2
182084;5
182085;5
182086;5
182087;2
182088;2
182089;2
182090;2
182091;2
182092;5
182093;2
182094;2
182095;5
182097;1
182099;5
182100;5
182101;5
182102;1
182107;2
182109;2
182111;2
182115;1
182116;1
182117;2
182118;2
182119;2
182120;5
182121;5
182122;2
182123;1
182124;2
182129;1
182130;1
182131;3
182132;3
182133;1
182135;5
182136;2
182137;2
182140;1
182141;1
182142;5
182143;1
182145;1
182146;1
182147;1
182148;1
182149;5
182153;3
182154;5
182156;5
182157;5
182158;1
182161;1
182162;1
182167;5
182169;1
182171;1
182172;1
182175;1
182176;1
182177;1
182178;1
182179;1
182180;1
182181;1
182183;1
182184;1
182185;1
182186;1
182187;1
182188;1
182192;1
182198;1
182199;1
182201;1
182202;1
182203;1
182204;1
182206;3
182207;3
182208;1
182209;1
182210;1
182215;2
182218;1
182219;1
182220;1
182221;1
182223;5
182224;5
182225;5
182226;2
182227;1
182228;1
182229;2
182230;2
182237;3
182240;1
182243;1
182244;1
182246;1
182247;1
182253;1
182254;1
182256;1
182257;1
182258;2
182259;2
182260;1
182261;1
182262;1
182263;1
182264;1
182265;1
182266;5
182267;2
182268;1
182269;1
182272;3
182274;2
182275;2
182276;2
182277;2
182278;2
182279;1
182280;1
182281;1
182282;3
182283;3
182285;5
182286;2
182287;1
182288;1
182290;1
182293;3
182294;5
182295;5
182296;5
182297;5
182298;1
182299;1
182302;5
182306;2
182307;2
182309;3
182310;3
182311;3
182312;3
182313;3
182316;3
182317;3
182318;3
182319;3
182320;3
182321;3
182322;3
182330;1
182331;5
182332;5
182337;3
182339;3
182343;3
182346;5
182349;1
182844;5
182845;5
182846;5
182847;5
182850;3
182851;5
182855;5
182856;5
182857;2
182858;2
182859;2
182861;1
182862;1
182864;1
182865;1
182866;3
182867;3
182868;3
182869;3
182870;3
182871;3
182872;3
182873;3
182876;1
182877;3
182878;3
182879;3
182880;3
182881;3
182882;3
182883;3
182884;3
182885;3
182886;3
182887;3
182888;1
182889;3
182890;1
182891;1
182892;1
182893;1
182894;1
182895;1
182896;1
182897;1
182898;1
182899;3
182900;1
182901;1
182902;3
182903;1
182904;1
182905;1
182906;1
182907;1
182908;1
182909;1
182910;3
182911;3
182912;3
182914;3
182915;3
182916;3
182917;3
182918;3
182919;3
182920;1
182921;1
182923;1
182924;1
182925;1
182926;1
182927;3
182928;3
182929;3
182930;3
182931;1
182932;5
182933;2
182934;2
182935;2
182936;1
182939;3
182940;5
182941;5
182942;5
182943;5
182944;5
182945;5
182946;5
182948;1
182953;2
182955;1
182956;1
182957;1
182958;1
182959;1
182963;5
182966;5
182967;5
182968;2
182969;1
182971;2
182972;5
182973;5
182975;5
182976;1
182977;2
182978;2
182979;3
182980;2
182982;2
182983;5
182984;5
182985;1
182986;2
182987;2
182988;2
182989;2
182990;1
182991;1
182992;1
182993;1
182994;1
182995;1
182996;1
182998;1
182999;3
183003;3
183004;3
183005;5
183006;5
183007;3
183008;2
183009;5
183010;5
183013;5
183014;2
183015;2
183016;5
183017;2
183018;2
183019;5
183020;2
183021;5
183022;2
183023;2
183024;2
183025;3
183026;1
183027;5
183029;3
183030;2
183031;1
183032;1
183033;1
183034;1
183035;1
183037;5
183038;3
183039;3
183040;5
183043;1
183044;1
183046;5
183047;2
183048;1
183049;1
183050;5
183051;5
183052;5
183053;5
183054;5
183055;5
183056;5
183057;5
183060;1
183061;1
183065;2
183066;1
183068;1
183069;5
183070;3
183071;5
183072;3
183073;5
183075;1
183076;1
183077;1
183078;1
183079;2
183080;2
183081;2
183082;2
183084;1
183085;1
183086;5
183087;3
183088;1
183089;1
183090;1
183092;1
183093;1
183094;1
183095;1
183096;1
183097;1
183098;1
183099;1
183100;1
183106;2
183107;1
183108;1
183109;1
183110;1
183111;1
183112;1
183113;1
183114;1
183115;1
183116;5
183117;5
183118;1
183119;1
183120;1
183121;1
183122;1
183123;1
183124;1
183125;1
183127;1
183128;1
183129;1
183131;1
183132;1
183133;5
183135;3
183136;3
183138;1
183139;1
183140;2
183141;1
183142;1
183144;1
183145;1
183146;1
183148;2
183150;2
183151;2
183152;5
183153;5
183154;1
183155;2
183156;2
183157;3
183158;2
183159;1
183160;1
183161;1
183162;1
183163;5
183164;5
183165;2
183166;5
183167;2
183168;1
183169;1
183171;1
183173;2
183174;2
183176;1
183177;2
183178;1
183180;1
183181;5
183182;5
183183;2
183184;2
183185;1
183186;1
183187;1
183188;2
183189;2
183190;2
183191;2
183192;2
183193;1
183194;1
183195;5
183196;1
183197;1
183200;1
183202;1
183203;2
183204;1
183205;1
183206;1
183207;1
183208;2
183209;1
183210;1
183211;1
183213;1
183214;2
183219;2
183221;2
183222;2
183223;2
183224;2
183225;1
183226;1
183227;5
183228;1
183229;5
183234;5
183240;1
183241;1
183243;1
183244;2
183245;1
183246;1
183247;5
183249;2
183251;1
183252;1
183253;1
183254;1
183255;1
183256;1
183257;1
183258;1
183259;1
183260;1
183261;2
183262;5
183263;1
183264;1
183265;1
183266;1
183267;1
183268;2
183269;5
183270;5
183272;1
183273;2
183274;5
183275;1
183276;1
183279;2
183280;2
183281;2
183282;2
183285;5
183286;5
183287;5
183288;1
183291;3
183292;3
183293;3
183294;1
183295;1
183296;1
183297;1
183298;1
183299;1
183300;1
183301;1
183302;1
183303;1
183304;1
183308;2
183311;1
183312;1
183313;2
183314;2
183315;2
183316;1
183317;2
183318;2
183319;1
183320;1
183321;1
183323;5
183329;1
183330;5
183334;1
183335;1
183336;1
183337;5
183338;1
183339;5
183344;5
183345;5
183346;5
183347;5
183349;5
183350;2
183351;5
183352;5
183353;1
183354;1
183355;1
183356;1
183359;1
183360;5
183361;5
183362;5
183363;5
183364;1
183365;5
183366;5
183367;5
183368;5
183371;2
183372;2
183373;2
183374;2
183376;2
183377;2
183379;1
183382;1
183383;5
183384;2
183385;2
183387;1
183388;1
183389;1
183390;1
183391;2
183392;1
183394;5
183395;5
183396;1
183397;1
183399;1
183400;1
183401;1
183402;1
183403;1
183404;1
183405;1
183406;1
183407;1
183408;1
183409;1
183410;5
183411;5
183412;1
183413;1
183414;1
183415;1
183416;2
183417;5
183418;2
183419;2
183421;2
183422;2
183423;3
183426;5
183427;5
183428;5
183433;2
183434;2
183435;2
183436;2
183438;2
183440;2
183441;3
183442;1
183443;1
183444;1
183446;2
183448;2
183449;1
183450;3
183451;5
183452;1
183454;5
183456;1
183457;1
183458;1
183462;5
183464;2
183465;1
183466;1
183467;1
183468;1
183469;5
183470;5
183471;1
183472;5
183473;2
183474;5
183475;2
183476;5
183477;5
183478;5
183479;5
183480;5
183481;1
183482;1
183483;1
183484;1
183485;1
183486;1
183487;1
183488;1
183489;1
183490;1
183491;1
183492;1
183493;2
183494;2
183495;1
183496;1
183497;1
183498;1
183499;1
183500;2
183501;1
183502;5
183503;2
183504;5
183505;5
183506;5
183507;2
183508;2
183510;1
183511;5
183512;2
183513;1
183514;1
183515;1
183516;1
183517;5
183518;5
183519;3
183520;3
183521;1
183522;5
183523;5
183524;5
183525;1
183526;1
183527;1
183528;1
183529;1
183530;1
183531;1
183532;1
183533;1
183534;1
183535;1
183536;1
183537;1
183538;2
183539;2
183540;2
183541;2
183542;2
183543;2
183544;5
183545;2
183546;2
183547;5
183548;1
183549;5
183550;5
183551;5
183552;5
183553;3
183554;5
183555;5
183556;1
183557;2
183558;2
183559;1
183562;1
183563;5
183564;3
183565;1
183566;2
183567;2
183568;1
183569;5
183570;3
183571;3
183572;1
183573;1
183574;1
183575;1
183576;5
183577;5
183578;5
183579;5
183580;5
183581;1
183582;1
183585;5
183592;5
183594;1
183595;1
183599;1
183603;1
183604;1
183605;2
183606;1
183607;1
183608;2
183609;1
183610;1
183611;3
183612;1
183613;1
183614;1
183615;1
183616;1
183617;5
183618;5
183619;1
183620;1
183621;1
183622;1
183623;3
183624;5
183625;5
183626;5
183627;1
183628;1
183629;2
183630;1
183631;1
183632;1
183633;1
183634;1
183635;1
183636;1
183637;2
183638;2
183640;1
183641;2
183642;2
183643;1
183644;1
183645;1
183646;1
183647;1
183648;5
183649;1
183650;1
183651;1
183652;1
183653;1
183654;1
183655;1
183656;2
183657;5
183658;5
183659;5
183660;5
183661;5
183662;5
183663;5
183664;5
183665;5
183666;5
183667;5
183668;5
183669;5
183670;5
183671;5
183672;5
183673;1
183674;5
183675;5
183676;5
183677;5
183678;5
183679;5
183680;1
183681;5
183682;5
183683;5
183684;5
183685;5
183692;5
183693;5
183694;2
183695;1
183696;1
183697;1
183698;1
183699;1
183700;1
183701;1
183702;1
183703;3
183704;3
183705;3
